0;13030;12997942
0;13031;12997943
0;13032;12997943
0;13033;12997982
0;13034;12998009
0;13035;12998022
0;13036;12998022
0;13037;12998023
0;13038;12998076
0;13039;12998077
0;13040;12998077
0;13041;12998077
0;13042;12998145
0;13043;12998146
0;13044;12998146
0;13045;12998146
0;13046;12998147
0;13047;12998147
0;13048;12998147
0;13049;12998148
0;13050;12998148
0;13051;12998148
0;13052;12998149
0;13053;12998214
0;13054;12998214
0;13055;12998214
0;13056;12998215
0;13057;12998215
0;13058;12998215
0;13059;12998216
0;13060;12998216
0;13061;12998216
0;13062;12998217
0;13063;12998217
0;13064;12998218
0;13065;12998218
0;13066;12998218
0;13067;12998219
0;13068;12998219
0;13069;12998219
0;13070;12998220
0;13071;12998220
0;13072;12998220
0;13073;12998221
0;13074;12998221
0;13075;12998279
0;13076;12998279
0;13077;12998279
0;13078;12998280
0;13079;12998280
0;13080;12998280
0;13081;12998281
0;13082;12998281
0;13083;12998281
0;13084;12998282
0;13085;12998282
0;13086;12998282
0;13087;12998283
0;13088;12998283
0;13089;12998283
0;13090;12998284
0;13091;12998284
0;13092;12998284
0;13093;12998285
0;13094;12998285
0;13095;12998285
0;13096;12998286
0;13097;12998286
0;13098;12998287
0;13099;12998287
0;13100;12998348
0;13101;12998348
0;13102;12998349
0;13103;12998349
0;13104;12998349
0;13105;12998350
0;13106;12998350
0;13107;12998350
0;13108;12998351
0;13109;12998351
0;13110;12998351
0;13111;12998352
0;13112;12998352
0;13113;12998352
0;13114;12998353
0;13115;12998353
0;13116;12998353
0;13117;12998354
0;13118;12998354
0;13119;12998354
0;13120;12998354
0;13121;12998421
0;13122;12998421
0;13123;12998422
0;13124;12998422
0;13125;12998422
0;13126;12998423
0;13127;12998423
0;13128;12998423
0;13129;12998424
0;13130;12998424
0;13131;12998424
0;13132;12998425
0;13133;12998425
0;13134;12998425
0;13135;12998426
0;13136;12998426
0;13137;12998427
0;13138;12998427
0;13139;12998427
0;13140;12998428
0;13141;12998428
0;13142;12998428
0;13143;12998429
0;13144;12998429
0;13145;12998429
0;13146;12998430
0;13147;12998430
0;13148;12998430
0;13149;12998431
0;13150;12998431
0;13151;12998431
0;13152;12998431
0;13153;12998432
0;13154;12998432
0;13155;12998432
0;13156;12998433
0;13157;12998433
0;13158;12998433
0;13159;12998487
0;13160;12998488
0;13161;12998488
0;13162;12998489
0;13163;12998489
0;13164;12998489
0;13165;12998490
0;13166;12998490
0;13167;12998490
0;13168;12998491
0;13169;12998491
0;13170;12998491
0;13171;12998492
0;13172;12998492
0;13173;12998492
0;13174;12998493
0;13175;12998493
0;13176;12998493
0;13177;12998500
0;13178;12998500
0;13179;12998500
0;13180;12998501
0;13181;12998501
0;13182;12998501
0;13183;12998502
0;13184;12998502
0;13185;12998503
0;13186;12998503
0;13187;12998503
0;13188;12998504
0;13189;12998504
0;13190;12998504
0;13191;12998505
0;13192;12998505
0;13193;12998505
0;13194;12998505
0;13195;12998506
0;13196;12998506
0;13197;12998506
0;13198;12998507
0;13199;12998507
0;13200;12998507
0;13201;12998508
0;13202;12998508
0;13203;12998509
0;13204;12998509
0;13205;12998509
0;13206;12998509
0;13207;12998510
0;13208;12998510
0;13209;12998510
0;13210;12998511
0;13211;12998511
0;13212;12998511
0;13213;12998512
0;13214;12998512
0;13215;12998512
0;13216;12998513
0;13217;12998513
0;13218;12998513
0;13219;12998513
0;13220;12998514
0;13221;12998514
0;13222;12998514
0;13223;12998515
0;13224;12998515
0;13225;12998515
0;13226;12998516
0;13227;12998516
0;13228;12998516
0;13229;12998517
0;13230;12998517
0;13231;12998553
0;13232;12998553
0;13233;12998554
0;13234;12998554
0;13235;12998554
0;13236;12998554
0;13237;12998555
0;13238;12998555
0;13239;12998555
0;13240;12998556
0;13241;12998556
0;13242;12998556
0;13243;12998557
0;13244;12998557
0;13245;12998557
0;13246;12998558
0;13247;12998558
0;13248;12998559
0;13249;12998559
0;13250;12998560
0;13251;12998560
0;13252;12998560
0;13253;12998560
0;13254;12998561
0;13255;12998561
0;13256;12998561
0;13257;12998562
0;13258;12998562
0;13259;12998562
0;13260;12998563
0;13261;12998563
0;13262;12998563
0;13263;12998564
0;13264;12998564
0;13265;12998564
0;13266;12998564
0;13267;12998565
0;13268;12998565
0;13269;12998566
0;13270;12998566
0;13271;12998566
0;13272;12998567
0;13273;12998567
0;13274;12998568
0;13275;12998568
0;13276;12998568
0;13277;12998569
0;13278;12998569
0;13279;12998570
0;13280;12998570
0;13281;12998570
0;13282;12998571
0;13283;12998571
0;13284;12998571
0;13285;12998572
0;13286;12998572
0;13287;12998572
0;13288;12998573
0;13289;12998573
0;13290;12998574
0;13291;12998574
0;13292;12998574
0;13293;12998575
0;13294;12998575
0;13295;12998575
0;13296;12998576
0;13297;12998576
0;13298;12998576
0;13299;12998620
0;13300;12998620
0;13301;12998621
0;13302;12998621
0;13303;12998622
0;13304;12998622
0;13305;12998622
0;13306;12998623
0;13307;12998623
0;13308;12998623
0;13309;12998624
0;13310;12998624
0;13311;12998624
0;13312;12998625
0;13313;12998625
0;13314;12998625
0;13315;12998626
0;13316;12998626
0;13317;12998626
0;13318;12998626
0;13319;12998627
0;13320;12998627
0;13321;12998627
0;13322;12998628
0;13323;12998628
0;13324;12998628
0;13325;12998639
0;13326;12998639
0;13327;12998640
0;13328;12998640
0;13329;12998640
0;13330;12998641
0;13331;12998641
0;13332;12998641
0;13333;12998641
0;13334;12998642
0;13335;12998642
0;13336;12998642
0;13337;12998643
0;13338;12998643
0;13339;12998643
0;13340;12998644
0;13341;12998644
0;13342;12998644
0;13343;12998645
0;13344;12998645
0;13345;12998645
0;13346;12998659
0;13347;12998659
0;13348;12998660
0;13349;12998660
0;13350;12998660
0;13351;12998661
0;13352;12998661
0;13353;12998662
0;13354;12998662
0;13355;12998662
0;13356;12998684
0;13357;12998684
0;13358;12998685
0;13359;12998685
0;13360;12998686
0;13361;12998686
0;13362;12998686
0;13363;12998687
0;13364;12998687
0;13365;12998691
0;13366;12998692
0;13367;12998692
0;13368;12998692
0;13369;12998693
0;13370;12998693
0;13371;12998693
0;13372;12998694
0;13373;12998694
0;13374;12998694
0;13375;12998695
0;13376;12998695
0;13377;12998695
0;13378;12998696
0;13379;12998696
0;13380;12998696
0;13381;12998696
0;13382;12998697
0;13383;12998697
0;13384;12998697
0;13385;12998698
0;13386;12998698
0;13387;12998698
0;13388;12998709
0;13389;12998709
0;13390;12998710
0;13391;12998710
0;13392;12998710
0;13393;12998711
0;13394;12998711
0;13395;12998711
0;13396;12998712
0;13397;12998712
0;13398;12998712
0;13399;12998712
0;13400;12998713
0;13401;12998713
0;13402;12998713
0;13403;12998714
0;13404;12998714
0;13405;12998714
0;13406;12998715
0;13407;12998715
0;13408;12998715
0;13409;12998716
0;13410;12998716
0;13411;12998716
0;13412;12998717
0;13413;12998717
0;13414;12998718
0;13415;12998718
0;13416;12998718
0;13417;12998729
0;13418;12998729
0;13419;12998730
0;13420;12998730
0;13421;12998730
0;13422;12998731
0;13423;12998751
0;13424;12998752
0;13425;12998752
0;13426;12998752
0;13427;12998752
0;13428;12998753
0;13429;12998753
0;13430;12998753
0;13431;12998754
0;13432;12998754
0;13433;12998754
0;13434;12998755
0;13435;12998755
0;13436;12998756
0;13437;12998756
0;13438;12998756
0;13439;12998757
0;13440;12998757
0;13441;12998757
0;13442;12998758
0;13443;12998758
0;13444;12998758
0;13445;12998769
0;13446;12998769
0;13447;12998770
0;13448;12998770
0;13449;12998770
0;13450;12998771
0;13451;12998771
0;13452;12998771
0;13453;12998772
0;13454;12998772
0;13455;12998772
0;13456;12998773
0;13457;12998773
0;13458;12998773
0;13459;12998774
0;13460;12998774
0;13461;12998774
0;13462;12998775
0;13463;12998775
0;13464;12998775
0;13465;12998776
0;13466;12998776
0;13467;12998776
0;13468;12998776
0;13469;12998777
0;13470;12998777
0;13471;12998777
0;13472;12998778
0;13473;12998778
0;13474;12998778
0;13475;12998792
0;13476;12998792
0;13477;12998815
0;13478;12998816
0;13479;12998816
0;13480;12998816
0;13481;12998817
0;13482;12998817
0;13483;12998817
0;13484;12998818
0;13485;12998818
0;13486;12998818
0;13487;12998829
0;13488;12998829
0;13489;12998829
0;13490;12998830
0;13491;12998830
0;13492;12998830
0;13493;12998831
0;13494;12998831
0;13495;12998831
0;13496;12998832
0;13497;12998832
0;13498;12998832
0;13499;12998833
0;13500;12998833
0;13501;12998833
0;13502;12998834
0;13503;12998834
0;13504;12998834
0;13505;12998835
0;13506;12998835
0;13507;12998835
0;13508;12998836
0;13509;12998836
0;13510;12998836
0;13511;12998837
0;13512;12998838
0;13513;12998838
0;13514;12998838
0;13515;12998845
0;13516;12998846
0;13517;12998846
0;13518;12998846
0;13519;12998846
0;13520;12998847
0;13521;12998847
0;13522;12998847
0;13523;12998848
0;13524;12998848
0;13525;12998848
0;13526;12998849
0;13527;12998849
0;13528;12998849
0;13529;12998850
0;13530;12998850
0;13531;12998850
0;13532;12998851
0;13533;12998851
0;13534;12998851
0;13535;12998884
0;13536;12998884
0;13537;12998885
0;13538;12998885
0;13539;12998885
0;13540;12998886
0;13541;12998886
0;13542;12998886
0;13543;12998887
0;13544;12998887
0;13545;12998887
0;13546;12998888
0;13547;12998888
0;13548;12998888
0;13549;12998889
0;13550;12998889
0;13551;12998889
0;13552;12998890
0;13553;12998890
0;13554;12998890
0;13555;12998891
0;13556;12998891
0;13557;12998891
0;13558;12998892
0;13559;12998892
0;13560;12998892
0;13561;12998892
0;13562;12998893
0;13563;12998893
0;13564;12998893
0;13565;12998894
0;13566;12998894
0;13567;12998894
0;13568;12998895
0;13569;12998895
0;13570;12998895
0;13571;12998895
0;13572;12998896
0;13573;12998896
0;13574;12998896
0;13575;12998897
0;13576;12998897
0;13577;12998897
0;13578;12998897
0;13579;12998898
0;13580;12998898
0;13581;12998898
0;13582;12998899
0;13583;12998899
0;13584;12998949
0;13585;12998949
0;13586;12998949
0;13587;12998950
0;13588;12998950
0;13589;12998950
0;13590;12998951
0;13591;12998951
0;13592;12998951
0;13593;12998952
0;13594;12998952
0;13595;12998952
0;13596;12998952
0;13597;12998953
0;13598;12998953
0;13599;12998953
0;13600;12998954
0;13601;12998954
0;13602;12998954
0;13603;12998954
0;13604;12998955
0;13605;12998955
0;13606;12998955
0;13607;12998955
0;13608;12998956
0;13609;12998956
0;13610;12998957
0;13611;12998957
0;13612;12998957
0;13613;12998958
0;13614;12998958
0;13615;12998958
0;13616;12998959
0;13617;12998959
0;13618;12998959
0;13619;12998960
0;13620;12998960
0;13621;12998960
0;13622;12998960
0;13623;12998961
0;13624;12998961
0;13625;12998961
0;13626;12998962
0;13627;12998962
0;13628;12998962
0;13629;12998962
0;13630;12998963
0;13631;12998963
0;13632;12998963
0;13633;12999015
0;13634;12999015
0;13635;12999015
0;13636;12999016
0;13637;12999016
0;13638;12999016
0;13639;12999016
0;13640;12999017
0;13641;12999017
0;13642;12999017
0;13643;12999018
0;13644;12999018
0;13645;12999018
0;13646;12999019
0;13647;12999019
0;13648;12999019
0;13649;12999019
0;13650;12999020
0;13651;12999020
0;13652;12999021
0;13653;12999021
0;13654;12999021
0;13655;12999022
0;13656;12999022
0;13657;12999022
0;13658;12999022
0;13659;12999023
0;13660;12999023
0;13661;12999023
0;13662;12999024
0;13663;12999024
0;13664;12999024
0;13665;12999024
0;13666;12999025
0;13667;12999025
0;13668;12999025
0;13669;12999026
0;13670;12999026
0;13671;12999026
0;13672;12999026
0;13673;12999027
0;13674;12999027
0;13675;12999027
0;13676;12999028
0;13677;12999028
0;13678;12999028
0;13679;12999029
0;13680;12999029
0;13681;12999029
0;13682;12999030
0;13683;12999030
0;13684;12999079
0;13685;12999079
0;13686;12999079
0;13687;12999080
0;13688;12999080
0;13689;12999080
0;13690;12999080
0;13691;12999081
0;13692;12999081
0;13693;12999081
0;13694;12999082
0;13695;12999082
0;13696;12999082
0;13697;12999082
0;13698;12999083
0;13699;12999083
0;13700;12999083
0;13701;12999084
0;13702;12999084
0;13703;12999084
0;13704;12999084
0;13705;12999085
0;13706;12999085
0;13707;12999085
0;13708;12999086
0;13709;12999086
0;13710;12999086
0;13711;12999087
0;13712;12999087
0;13713;12999087
0;13714;12999088
0;13715;12999088
0;13716;12999088
0;13717;12999089
0;13718;12999089
0;13719;12999089
0;13720;12999090
0;13721;12999090
0;13722;12999090
0;13723;12999091
0;13724;12999091
0;13725;12999091
0;13726;12999092
0;13727;12999092
0;13728;12999092
0;13729;12999093
0;13730;12999093
0;13731;12999142
0;13732;12999142
0;13733;12999143
0;13734;12999143
0;13735;12999143
0;13736;12999144
0;13737;12999144
0;13738;12999144
0;13739;12999144
0;13740;12999145
0;13741;12999145
0;13742;12999145
0;13743;12999146
0;13744;12999146
0;13745;12999146
0;13746;12999146
0;13747;12999147
0;13748;12999147
0;13749;12999147
0;13750;12999148
0;13751;12999148
0;13752;12999148
0;13753;12999149
0;13754;12999149
0;13755;12999149
0;13756;12999150
0;13757;12999150
0;13758;12999150
0;13759;12999151
0;13760;12999151
0;13761;12999151
0;13762;12999152
0;13763;12999152
0;13764;12999211
0;13765;12999211
0;13766;12999212
0;13767;12999212
0;13768;12999212
0;13769;12999213
0;13770;12999213
0;13771;12999214
0;13772;12999214
0;13773;12999214
0;13774;12999214
0;13775;12999215
0;13776;12999215
0;13777;12999215
0;13778;12999216
0;13779;12999216
0;13780;12999217
0;13781;12999217
0;13782;12999217
0;13783;12999217
0;13784;12999218
0;13785;12999218
0;13786;12999280
0;13787;12999280
0;13788;12999280
0;13789;12999281
0;13790;12999281
0;13791;12999281
0;13792;12999282
0;13793;12999282
0;13794;12999282
0;13795;12999282
0;13796;12999283
0;13797;12999283
0;13798;12999283
0;13799;12999284
0;13800;12999284
0;13801;12999284
0;13802;12999285
0;13803;12999285
0;13804;12999286
0;13805;12999286
0;13806;12999286
0;13807;12999287
0;13808;12999287
0;13809;12999287
0;13810;12999288
0;13811;12999288
0;13812;12999343
0;13813;12999343
0;13814;12999343
0;13815;12999344
0;13816;12999344
0;13817;12999344
0;13818;12999345
0;13819;12999345
0;13820;12999345
0;13821;12999346
0;13822;12999346
0;13823;12999346
0;13824;12999346
0;13825;12999347
0;13826;12999347
0;13827;12999347
0;13828;12999348
0;13829;12999348
0;13830;12999411
0;13831;12999412
0;13832;12999412
0;13833;12999412
0;13834;12999412
0;13835;12999413
0;13836;12999413
0;13837;12999414
0;13838;12999414
0;13839;12999414
0;13840;12999414
0;13841;12999415
0;13842;12999415
0;13843;12999415
0;13844;12999416
0;13845;12999416
0;13846;12999416
0;13847;12999417
0;13848;12999417
0;13849;12999417
0;13850;12999418
0;13851;12999418
0;13852;12999419
0;13853;12999419
0;13854;12999419
0;13855;12999420
0;13856;12999420
0;13857;12999421
0;13858;12999421
0;13859;12999478
0;13860;12999479
0;13861;12999479
0;13862;12999479
0;13863;12999480
0;13864;12999480
0;13865;12999480
0;13866;12999480
0;13867;12999481
0;13868;12999481
0;13869;12999481
0;13870;12999482
0;13871;12999482
0;13872;12999482
0;13873;12999483
0;13874;12999483
0;13875;12999483
0;13876;12999484
0;13877;12999484
0;13878;12999484
0;13879;12999485
0;13880;12999485
0;13881;12999486
0;13882;12999486
0;13883;12999486
0;13884;12999487
0;13885;12999487
0;13886;12999487
0;13887;12999488
0;13888;12999488
0;13889;12999488
0;13890;12999489
0;13891;12999489
0;13892;12999489
0;13893;12999490
0;13894;12999490
0;13895;12999490
0;13896;12999490
0;13897;12999491
0;13898;12999491
0;13899;12999547
0;13900;12999547
0;13901;12999547
0;13902;12999548
0;13903;12999548
0;13904;12999548
0;13905;12999549
0;13906;12999549
0;13907;12999549
0;13908;12999550
0;13909;12999550
0;13910;12999550
0;13911;12999551
0;13912;12999551
0;13913;12999552
0;13914;12999552
0;13915;12999552
0;13916;12999553
0;13917;12999553
0;13918;12999553
0;13919;12999554
0;13920;12999554
0;13921;12999554
0;13922;12999555
0;13923;12999555
0;13924;12999555
0;13925;12999556
0;13926;12999556
0;13927;12999556
0;13928;12999557
0;13929;12999557
0;13930;12999557
0;13931;12999557
0;13932;12999558
0;13933;12999558
0;13934;12999559
0;13935;12999559
0;13936;12999559
0;13937;12999559
0;13938;12999560
0;13939;12999609
0;13940;12999609
0;13941;12999610
0;13942;12999610
0;13943;12999610
0;13944;12999611
0;13945;12999611
0;13946;12999611
0;13947;12999612
0;13948;12999612
0;13949;12999612
0;13950;12999613
0;13951;12999613
0;13952;12999613
0;13953;12999614
0;13954;12999614
0;13955;12999614
0;13956;12999615
0;13957;12999615
0;13958;12999615
0;13959;12999616
0;13960;12999616
0;13961;12999616
0;13962;12999617
0;13963;12999617
0;13964;12999617
0;13965;12999618
0;13966;12999618
0;13967;12999619
0;13968;12999619
0;13969;12999619
0;13970;12999620
0;13971;12999620
0;13972;12999620
0;13973;12999621
0;13974;12999621
0;13975;12999621
0;13976;12999622
0;13977;12999622
0;13978;12999622
0;13979;12999623
0;13980;12999623
0;13981;12999623
0;13982;12999680
0;13983;12999681
0;13984;12999681
0;13985;12999681
0;13986;12999682
0;13987;12999682
0;13988;12999682
0;13989;12999682
0;13990;12999683
0;13991;12999683
0;13992;12999683
0;13993;12999684
0;13994;12999702
0;13995;12999703
0;13996;12999703
0;13997;12999704
0;13998;12999704
0;13999;12999704
0;14000;12999704
0;14001;12999705
0;14002;12999705
0;14003;12999705
0;14004;12999706
0;14005;12999706
0;14006;12999706
0;14007;12999707
0;14008;12999707
0;14009;12999707
0;14010;12999708
0;14011;12999708
0;14012;12999708
0;14013;12999742
0;14014;12999743
0;14015;12999743
0;14016;12999743
0;14017;12999744
0;14018;12999744
0;14019;12999744
0;14020;12999745
0;14021;12999745
0;14022;12999745
0;14023;12999746
0;14024;12999746
0;14025;12999746
0;14026;12999746
0;14027;12999747
0;14028;12999747
0;14029;12999747
0;14030;12999748
0;14031;12999748
0;14032;12999748
0;14033;12999749
0;14034;12999749
0;14035;12999749
0;14036;12999750
0;14037;12999750
0;14038;12999751
0;14039;12999751
0;14040;12999751
0;14041;12999752
0;14042;12999752
0;14043;12999752
0;14044;12999753
0;14045;12999753
0;14046;12999753
0;14047;12999754
0;14048;12999754
0;14049;12999808
0;14050;12999809
0;14051;12999809
0;14052;12999809
0;14053;12999810
0;14054;12999810
0;14055;12999810
0;14056;12999811
0;14057;12999811
0;14058;12999811
0;14059;12999812
0;14060;12999812
0;14061;12999812
0;14062;12999812
0;14063;12999813
0;14064;12999813
0;14065;12999814
0;14066;12999814
0;14067;12999814
0;14068;12999814
0;14069;12999815
0;14070;12999815
0;14071;12999815
0;14072;12999816
0;14073;12999816
0;14074;12999816
0;14075;12999817
0;14076;12999817
0;14077;12999818
0;14078;12999818
0;14079;12999818
0;14080;12999819
0;14081;12999819
0;14082;12999820
0;14083;12999876
0;14084;12999877
0;14085;12999877
0;14086;12999877
0;14087;12999878
0;14088;12999878
0;14089;12999878
0;14090;12999879
0;14091;12999879
0;14092;12999879
0;14093;12999880
0;14094;12999880
0;14095;12999880
0;14096;12999881
0;14097;12999881
0;14098;12999881
0;14099;12999882
0;14100;12999882
0;14101;12999882
0;14102;12999882
0;14103;12999883
0;14104;12999883
0;14105;12999883
0;14106;12999884
0;14107;12999884
0;14108;12999884
0;14109;12999885
0;14110;12999885
0;14111;12999885
0;14112;12999886
0;14113;12999886
0;14114;12999887
0;14115;12999940
0;14116;12999940
0;14117;12999941
0;14118;12999941
0;14119;12999941
0;14120;12999942
0;14121;12999942
0;14122;12999942
0;14123;12999943
0;14124;12999943
0;14125;12999943
0;14126;12999944
0;14127;12999944
0;14128;12999944
0;14129;12999945
0;14130;12999945
0;14131;12999945
0;14132;12999946
0;14133;12999946
0;14134;12999946
0;14135;12999947
0;14136;12999947
0;14137;12999947
0;14138;12999948
0;14139;12999948
0;14140;12999948
0;14141;13000006
0;14142;13000006
0;14143;13000006
0;14144;13000007
0;14145;13000007
0;14146;13000007
0;14147;13000008
0;14148;13000008
0;14149;13000008
0;14150;13000009
0;14151;13000009
0;14152;13000009
0;14153;13000010
0;14154;13000010
0;14155;13000010
0;14156;13000011
0;14157;13000011
0;14158;13000011
0;14159;13000011
0;14160;13000012
0;14161;13000012
0;14162;13000012
0;14163;13000013
0;14164;13000013
0;14165;13000013
0;14166;13000014
0;14167;13000014
0;14168;13000014
0;14169;13000015
0;14170;13000015
0;14171;13000073
0;14172;13000073
0;14173;13000074
0;14174;13000074
0;14175;13000074
0;14176;13000075
0;14177;13000075
0;14178;13000075
0;14179;13000075
0;14180;13000076
0;14181;13000076
0;14182;13000076
0;14183;13000077
0;14184;13000077
0;14185;13000077
0;14186;13000078
0;14187;13000078
0;14188;13000078
0;14189;13000079
0;14190;13000079
0;14191;13000079
0;14192;13000080
0;14193;13000080
0;14194;13000080
0;14195;13000140
0;14196;13000140
0;14197;13000140
0;14198;13000141
0;14199;13000141
0;14200;13000141
0;14201;13000142
0;14202;13000142
0;14203;13000142
0;14204;13000143
0;14205;13000143
0;14206;13000143
0;14207;13000144
0;14208;13000144
0;14209;13000144
0;14210;13000145
0;14211;13000145
0;14212;13000145
0;14213;13000146
0;14214;13000146
0;14215;13000146
0;14216;13000147
0;14217;13000147
0;14218;13000147
0;14219;13000148
0;14220;13000148
0;14221;13000153
0;14222;13000153
0;14223;13000153
0;14224;13000209
0;14225;13000210
0;14226;13000210
0;14227;13000210
0;14228;13000211
0;14229;13000211
0;14230;13000211
0;14231;13000212
0;14232;13000212
0;14233;13000212
0;14234;13000213
0;14235;13000213
0;14236;13000214
0;14237;13000214
0;14238;13000214
0;14239;13000214
0;14240;13000215
0;14241;13000215
0;14242;13000216
0;14243;13000216
0;14244;13000216
0;14245;13000217
0;14246;13000217
0;14247;13000217
0;14248;13000218
0;14249;13000218
0;14250;13000218
0;14251;13000219
0;14252;13000219
0;14253;13000219
0;14254;13000274
0;14255;13000275
0;14256;13000275
0;14257;13000275
0;14258;13000276
0;14259;13000276
0;14260;13000276
0;14261;13000277
0;14262;13000277
0;14263;13000277
0;14264;13000278
0;14265;13000278
0;14266;13000278
0;14267;13000279
0;14268;13000279
0;14269;13000279
0;14270;13000280
0;14271;13000280
0;14272;13000280
0;14273;13000281
0;14274;13000281
0;14275;13000281
0;14276;13000282
0;14277;13000282
0;14278;13000282
0;14279;13000283
0;14280;13000283
0;14281;13000283
0;14282;13000284
0;14283;13000284
0;14284;13000284
0;14285;13000285
0;14286;13000285
0;14287;13000285
0;14288;13000286
0;14289;13000286
0;14290;13000341
0;14291;13000341
0;14292;13000341
0;14293;13000342
0;14294;13000342
0;14295;13000342
0;14296;13000343
0;14297;13000343
0;14298;13000343
0;14299;13000344
0;14300;13000344
0;14301;13000344
0;14302;13000345
0;14303;13000345
0;14304;13000345
0;14305;13000346
0;14306;13000346
0;14307;13000346
0;14308;13000346
0;14309;13000347
0;14310;13000347
0;14311;13000348
0;14312;13000348
0;14313;13000348
0;14314;13000349
0;14315;13000349
0;14316;13000350
0;14317;13000350
0;14318;13000350
0;14319;13000351
0;14320;13000351
0;14321;13000351
0;14322;13000352
0;14323;13000352
0;14324;13000352
0;14325;13000353
0;14326;13000409
0;14327;13000409
0;14328;13000410
0;14329;13000410
0;14330;13000410
0;14331;13000411
0;14332;13000411
0;14333;13000411
0;14334;13000412
0;14335;13000412
0;14336;13000412
0;14337;13000412
0;14338;13000413
0;14339;13000413
0;14340;13000413
0;14341;13000414
0;14342;13000414
0;14343;13000414
0;14344;13000415
0;14345;13000415
0;14346;13000416
0;14347;13000416
0;14348;13000416
0;14349;13000417
0;14350;13000417
0;14351;13000417
0;14352;13000418
0;14353;13000418
0;14354;13000418
0;14355;13000419
0;14356;13000419
0;14357;13000419
0;14358;13000420
0;14359;13000420
0;14360;13000420
0;14361;13000421
0;14362;13000421
0;14363;13000474
0;14364;13000474
0;14365;13000474
0;14366;13000475
0;14367;13000475
0;14368;13000479
0;14369;13000479
0;14370;13000479
0;14371;13000480
0;14372;13000480
0;14373;13000480
0;14374;13000481
0;14375;13000481
0;14376;13000481
0;14377;13000482
0;14378;13000482
0;14379;13000483
0;14380;13000483
0;14381;13000483
0;14382;13000484
0;14383;13000484
0;14384;13000484
0;14385;13000485
0;14386;13000485
0;14387;13000485
0;14388;13000486
0;14389;13000486
0;14390;13000486
0;14391;13000487
0;14392;13000487
0;14393;13000487
0;14394;13000488
0;14395;13000488
0;14396;13000488
0;14397;13000500
0;14398;13000501
0;14399;13000501
0;14400;13000501
0;14401;13000502
0;14402;13000502
0;14403;13000502
0;14404;13000503
0;14405;13000503
0;14406;13000503
0;14407;13000504
0;14408;13000504
0;14409;13000542
0;14410;13000543
0;14411;13000543
0;14412;13000543
0;14413;13000544
0;14414;13000544
0;14415;13000544
0;14416;13000545
0;14417;13000545
0;14418;13000545
0;14419;13000545
0;14420;13000546
0;14421;13000546
0;14422;13000546
0;14423;13000547
0;14424;13000547
0;14425;13000547
0;14426;13000548
0;14427;13000549
0;14428;13000549
0;14429;13000549
0;14430;13000550
0;14431;13000550
0;14432;13000550
0;14433;13000551
0;14434;13000551
0;14435;13000551
0;14436;13000552
0;14437;13000552
0;14438;13000552
0;14439;13000553
0;14440;13000553
0;14441;13000553
0;14442;13000554
0;14443;13000554
0;14444;13000554
0;14445;13000554
0;14446;13000607
0;14447;13000607
0;14448;13000607
0;14449;13000608
0;14450;13000608
0;14451;13000608
0;14452;13000609
0;14453;13000609
0;14454;13000609
0;14455;13000610
0;14456;13000610
0;14457;13000610
0;14458;13000611
0;14459;13000611
0;14460;13000611
0;14461;13000611
0;14462;13000612
0;14463;13000612
0;14464;13000612
0;14465;13000613
0;14466;13000613
0;14467;13000613
0;14468;13000614
0;14469;13000614
0;14470;13000615
0;14471;13000615
0;14472;13000615
0;14473;13000616
0;14474;13000616
0;14475;13000616
0;14476;13000617
0;14477;13000617
0;14478;13000618
0;14479;13000618
0;14480;13000618
0;14481;13000619
0;14482;13000673
0;14483;13000674
0;14484;13000674
0;14485;13000675
0;14486;13000675
0;14487;13000676
0;14488;13000676
0;14489;13000676
0;14490;13000677
0;14491;13000677
0;14492;13000677
0;14493;13000678
0;14494;13000678
0;14495;13000678
0;14496;13000679
0;14497;13000679
0;14498;13000679
0;14499;13000680
0;14500;13000680
0;14501;13000680
0;14502;13000681
0;14503;13000681
0;14504;13000681
0;14505;13000682
0;14506;13000682
0;14507;13000682
0;14508;13000683
0;14509;13000683
0;14510;13000683
0;14511;13000684
0;14512;13000684
0;14513;13000684
0;14514;13000685
0;14515;13000685
0;14516;13000685
0;14517;13000686
0;14518;13000741
0;14519;13000742
0;14520;13000742
0;14521;13000742
0;14522;13000743
0;14523;13000743
0;14524;13000743
0;14525;13000744
0;14526;13000744
0;14527;13000744
0;14528;13000745
0;14529;13000745
0;14530;13000745
0;14531;13000745
0;14532;13000746
0;14533;13000746
0;14534;13000746
0;14535;13000747
0;14536;13000747
0;14537;13000748
0;14538;13000748
0;14539;13000748
0;14540;13000749
0;14541;13000749
0;14542;13000750
0;14543;13000750
0;14544;13000750
0;14545;13000751
0;14546;13000751
0;14547;13000751
0;14548;13000752
0;14549;13000752
0;14550;13000752
0;14551;13000753
0;14552;13000753
0;14553;13000753
0;14554;13000806
0;14555;13000806
0;14556;13000807
0;14557;13000807
0;14558;13000807
0;14559;13000807
0;14560;13000808
0;14561;13000808
0;14562;13000809
0;14563;13000809
0;14564;13000809
0;14565;13000809
0;14566;13000810
0;14567;13000810
0;14568;13000810
0;14569;13000811
0;14570;13000811
0;14571;13000811
0;14572;13000812
0;14573;13000812
0;14574;13000812
0;14575;13000813
0;14576;13000813
0;14577;13000813
0;14578;13000814
0;14579;13000814
0;14580;13000815
0;14581;13000815
0;14582;13000815
0;14583;13000815
0;14584;13000816
0;14585;13000816
0;14586;13000816
0;14587;13000817
0;14588;13000817
0;14589;13000817
0;14590;13000818
0;14591;13000818
0;14592;13000818
0;14593;13000819
0;14594;13000819
0;14595;13000819
0;14596;13000820
0;14597;13000820
0;14598;13000820
0;14599;13000874
0;14600;13000875
0;14601;13000875
0;14602;13000875
0;14603;13000876
0;14604;13000876
0;14605;13000889
0;14606;13000889
0;14607;13000889
0;14608;13000890
0;14609;13000890
0;14610;13000890
0;14611;13000891
0;14612;13000891
0;14613;13000891
0;14614;13000892
0;14615;13000892
0;14616;13000892
0;14617;13000893
0;14618;13000893
0;14619;13000894
0;14620;13000894
0;14621;13000894
0;14622;13000895
0;14623;13000895
0;14624;13000895
0;14625;13000896
0;14626;13000896
0;14627;13000896
0;14628;13000897
0;14629;13000897
0;14630;13000897
0;14631;13000898
0;14632;13000898
0;14633;13000898
0;14634;13000901
0;14635;13000939
0;14636;13000939
0;14637;13000940
0;14638;13000940
0;14639;13000940
0;14640;13000940
0;14641;13000941
0;14642;13000941
0;14643;13000941
0;14644;13000942
0;14645;13000942
0;14646;13000942
0;14647;13000943
0;14648;13000943
0;14649;13000943
0;14650;13000944
0;14651;13000944
0;14652;13000944
0;14653;13000945
0;14654;13000945
0;14655;13000945
0;14656;13000946
0;14657;13000946
0;14658;13000946
0;14659;13000947
0;14660;13000947
0;14661;13000947
0;14662;13000948
0;14663;13000948
0;14664;13000948
0;14665;13000949
0;14666;13000949
0;14667;13000950
0;14668;13000950
0;14669;13000950
0;14670;13000951
0;14671;13001005
0;14672;13001006
0;14673;13001006
0;14674;13001006
0;14675;13001007
0;14676;13001007
0;14677;13001007
0;14678;13001008
0;14679;13001008
0;14680;13001008
0;14681;13001009
0;14682;13001009
0;14683;13001009
0;14684;13001010
0;14685;13001010
0;14686;13001010
0;14687;13001011
0;14688;13001011
0;14689;13001011
0;14690;13001011
0;14691;13001012
0;14692;13001012
0;14693;13001013
0;14694;13001013
0;14695;13001014
0;14696;13001014
0;14697;13001014
0;14698;13001015
0;14699;13001015
0;14700;13001015
0;14701;13001015
0;14702;13001016
0;14703;13001016
0;14704;13001016
0;14705;13001017
0;14706;13001017
0;14707;13001017
0;14708;13001072
0;14709;13001072
0;14710;13001073
0;14711;13001073
0;14712;13001073
0;14713;13001074
0;14714;13001074
0;14715;13001074
0;14716;13001075
0;14717;13001075
0;14718;13001075
0;14719;13001076
0;14720;13001076
0;14721;13001077
0;14722;13001077
0;14723;13001077
0;14724;13001078
0;14725;13001078
0;14726;13001078
0;14727;13001079
0;14728;13001079
0;14729;13001080
0;14730;13001080
0;14731;13001080
0;14732;13001081
0;14733;13001081
0;14734;13001081
0;14735;13001082
0;14736;13001082
0;14737;13001082
0;14738;13001083
0;14739;13001083
0;14740;13001083
0;14741;13001084
0;14742;13001084
0;14743;13001084
0;14744;13001084
0;14745;13001138
0;14746;13001139
0;14747;13001139
0;14748;13001139
0;14749;13001140
0;14750;13001140
0;14751;13001140
0;14752;13001141
0;14753;13001141
0;14754;13001141
0;14755;13001142
0;14756;13001142
0;14757;13001142
0;14758;13001142
0;14759;13001143
0;14760;13001143
0;14761;13001143
0;14762;13001144
0;14763;13001144
0;14764;13001144
0;14765;13001145
0;14766;13001145
0;14767;13001145
0;14768;13001146
0;14769;13001146
0;14770;13001147
0;14771;13001147
0;14772;13001147
0;14773;13001148
0;14774;13001148
0;14775;13001148
0;14776;13001149
0;14777;13001149
0;14778;13001149
0;14779;13001150
0;14780;13001150
0;14781;13001150
0;14782;13001207
0;14783;13001207
0;14784;13001208
0;14785;13001208
0;14786;13001208
0;14787;13001209
0;14788;13001209
0;14789;13001209
0;14790;13001210
0;14791;13001210
0;14792;13001210
0;14793;13001211
0;14794;13001211
0;14795;13001211
0;14796;13001212
0;14797;13001212
0;14798;13001212
0;14799;13001213
0;14800;13001213
0;14801;13001214
0;14802;13001214
0;14803;13001214
0;14804;13001215
0;14805;13001215
0;14806;13001215
0;14807;13001216
0;14808;13001216
0;14809;13001216
0;14810;13001216
0;14811;13001217
0;14812;13001217
0;14813;13001217
0;14814;13001218
0;14815;13001218
0;14816;13001218
0;14817;13001219
0;14818;13001219
0;14819;13001271
0;14820;13001271
0;14821;13001272
0;14822;13001272
0;14823;13001272
0;14824;13001273
0;14825;13001273
0;14826;13001273
0;14827;13001274
0;14828;13001274
0;14829;13001274
0;14830;13001275
0;14831;13001275
0;14832;13001275
0;14833;13001275
0;14834;13001276
0;14835;13001276
0;14836;13001276
0;14837;13001277
0;14838;13001277
0;14839;13001278
0;14840;13001278
0;14841;13001279
0;14842;13001279
0;14843;13001279
0;14844;13001280
0;14845;13001280
0;14846;13001280
0;14847;13001281
0;14848;13001281
0;14849;13001281
0;14850;13001282
0;14851;13001282
0;14852;13001282
0;14853;13001283
0;14854;13001283
0;14855;13001283
0;14856;13001284
0;14857;13001338
0;14858;13001338
0;14859;13001338
0;14860;13001339
0;14861;13001339
0;14862;13001339
0;14863;13001340
0;14864;13001340
0;14865;13001340
0;14866;13001341
0;14867;13001341
0;14868;13001341
0;14869;13001342
0;14870;13001342
0;14871;13001342
0;14872;13001342
0;14873;13001343
0;14874;13001343
0;14875;13001343
0;14876;13001344
0;14877;13001344
0;14878;13001344
0;14879;13001345
0;14880;13001345
0;14881;13001346
0;14882;13001346
0;14883;13001346
0;14884;13001347
0;14885;13001347
0;14886;13001347
0;14887;13001348
0;14888;13001348
0;14889;13001348
0;14890;13001349
0;14891;13001349
0;14892;13001349
0;14893;13001350
0;14894;13001350
0;14895;13001404
0;14896;13001404
0;14897;13001405
0;14898;13001405
0;14899;13001405
0;14900;13001406
0;14901;13001406
0;14902;13001406
0;14903;13001406
0;14904;13001407
0;14905;13001407
0;14906;13001407
0;14907;13001408
0;14908;13001408
0;14909;13001408
0;14910;13001409
0;14911;13001409
0;14912;13001409
0;14913;13001410
0;14914;13001410
0;14915;13001410
0;14916;13001411
0;14917;13001411
0;14918;13001412
0;14919;13001412
0;14920;13001412
0;14921;13001413
0;14922;13001413
0;14923;13001413
0;14924;13001414
0;14925;13001414
0;14926;13001414
0;14927;13001415
0;14928;13001415
0;14929;13001415
0;14930;13001416
0;14931;13001416
0;14932;13001416
0;14933;13001471
0;14934;13001471
0;14935;13001471
0;14936;13001472
0;14937;13001472
0;14938;13001472
0;14939;13001473
0;14940;13001473
0;14941;13001473
0;14942;13001474
0;14943;13001474
0;14944;13001474
0;14945;13001475
0;14946;13001475
0;14947;13001475
0;14948;13001475
0;14949;13001476
0;14950;13001476
0;14951;13001476
0;14952;13001477
0;14953;13001477
0;14954;13001478
0;14955;13001478
0;14956;13001479
0;14957;13001479
0;14958;13001480
0;14959;13001480
0;14960;13001480
0;14961;13001481
0;14962;13001481
0;14963;13001481
0;14964;13001482
0;14965;13001482
0;14966;13001482
0;14967;13001483
0;14968;13001483
0;14969;13001483
0;14970;13001484
0;14971;13001537
0;14972;13001537
0;14973;13001538
0;14974;13001538
0;14975;13001539
0;14976;13001539
0;14977;13001539
0;14978;13001540
0;14979;13001540
0;14980;13001540
0;14981;13001540
0;14982;13001541
0;14983;13001541
0;14984;13001542
0;14985;13001542
0;14986;13001542
0;14987;13001543
0;14988;13001543
0;14989;13001543
0;14990;13001544
0;14991;13001544
0;14992;13001544
0;14993;13001545
0;14994;13001545
0;14995;13001545
0;14996;13001546
0;14997;13001546
0;14998;13001546
0;14999;13001547
0;15000;13001547
0;15001;13001547
0;15002;13001548
0;15003;13001548
0;15004;13001548
0;15005;13001549
0;15006;13001549
0;15007;13001550
0;15008;13001550
0;15009;13001605
0;15010;13001606
0;15011;13001606
0;15012;13001606
0;15013;13001607
0;15014;13001607
0;15015;13001607
0;15016;13001608
0;15017;13001608
0;15018;13001608
0;15019;13001619
0;15020;13001619
0;15021;13001620
0;15022;13001620
0;15023;13001620
0;15024;13001620
0;15025;13001621
0;15026;13001621
0;15027;13001622
0;15028;13001622
0;15029;13001622
0;15030;13001623
0;15031;13001623
0;15032;13001623
0;15033;13001624
0;15034;13001624
0;15035;13001624
0;15036;13001625
0;15037;13001625
0;15038;13001625
0;15039;13001670
0;15040;13001670
0;15041;13001670
0;15042;13001671
0;15043;13001671
0;15044;13001671
0;15045;13001672
0;15046;13001672
0;15047;13001672
0;15048;13001673
0;15049;13001673
0;15050;13001673
0;15051;13001673
0;15052;13001674
0;15053;13001674
0;15054;13001674
0;15055;13001675
0;15056;13001675
0;15057;13001675
0;15058;13001676
0;15059;13001676
0;15060;13001676
0;15061;13001677
0;15062;13001677
0;15063;13001678
0;15064;13001704
0;15065;13001705
0;15066;13001705
0;15067;13001706
0;15068;13001706
0;15069;13001735
0;15070;13001735
0;15071;13001735
0;15072;13001736
0;15073;13001736
0;15074;13001736
0;15075;13001737
0;15076;13001737
0;15077;13001737
0;15078;13001737
0;15079;13001738
0;15080;13001738
0;15081;13001749
0;15082;13001749
0;15083;13001749
0;15084;13001750
0;15085;13001750
0;15086;13001750
0;15087;13001751
0;15088;13001751
0;15089;13001751
0;15090;13001752
0;15091;13001752
0;15092;13001752
0;15093;13001753
0;15094;13001753
0;15095;13001753
0;15096;13001754
0;15097;13001754
0;15098;13001754
0;15099;13001755
0;15100;13001755
0;15101;13001755
0;15102;13001755
0;15103;13001756
0;15104;13001756
0;15105;13001757
0;15106;13001757
0;15107;13001802
0;15108;13001802
0;15109;13001803
0;15110;13001803
0;15111;13001803
0;15112;13001804
0;15113;13001804
0;15114;13001804
0;15115;13001805
0;15116;13001805
0;15117;13001806
0;15118;13001806
0;15119;13001806
0;15120;13001807
0;15121;13001807
0;15122;13001807
0;15123;13001807
0;15124;13001808
0;15125;13001808
0;15126;13001818
0;15127;13001819
0;15128;13001819
0;15129;13001820
0;15130;13001820
0;15131;13001820
0;15132;13001821
0;15133;13001821
0;15134;13001821
0;15135;13001822
0;15136;13001887
0;15137;13001887
0;15138;13001887
0;15139;13001888
0;15140;13001888
0;15141;13001888
0;15142;13001889
0;15143;13001889
0;15144;13001889
0;15145;13001890
0;15146;13001890
0;15147;13001891
0;15148;13001891
0;15149;13001891
0;15150;13001892
0;15151;13001892
0;15152;13001892
0;15153;13001892
0;15154;13001893
0;15155;13001893
0;15156;13001894
0;15157;13001894
0;15158;13001894
0;15159;13001895
0;15160;13001895
0;15161;13001895
0;15162;13001896
0;15163;13001896
0;15164;13001896
0;15165;13001896
0;15166;13001897
0;15167;13001897
0;15168;13001897
0;15169;13001898
0;15170;13001898
0;15171;13001941
0;15172;13001941
0;15173;13001941
0;15174;13001942
0;15175;13001942
0;15176;13001942
0;15177;13001943
0;15178;13001943
0;15179;13001943
0;15180;13001944
0;15181;13001944
0;15182;13001944
0;15183;13001945
0;15184;13001945
0;15185;13001945
0;15186;13001945
0;15187;13001946
0;15188;13001946
0;15189;13001946
0;15190;13001947
0;15191;13001947
0;15192;13001947
0;15193;13001947
0;15194;13001948
0;15195;13001948
0;15196;13001948
0;15197;13001949
0;15198;13001949
0;15199;13001950
0;15200;13001950
0;15201;13001950
0;15202;13001951
0;15203;13001951
0;15204;13001951
0;15205;13001951
0;15206;13001952
0;15207;13001952
0;15208;13001952
0;15209;13001953
0;15210;13001953
0;15211;13001953
0;15212;13001953
0;15213;13001954
0;15214;13001954
0;15215;13001954
0;15216;13001955
0;15217;13001955
0;15218;13001955
0;15219;13001956
0;15220;13001956
0;15221;13001956
0;15222;13001956
0;15223;13001957
0;15224;13001957
0;15225;13001957
0;15226;13001958
0;15227;13001958
0;15228;13001958
0;15229;13001959
0;15230;13001959
0;15231;13001959
0;15232;13001960
0;15233;13001960
0;15234;13001960
0;15235;13001960
0;15236;13001961
0;15237;13001961
0;15238;13001961
0;15239;13001962
0;15240;13001962
0;15241;13001962
0;15242;13001962
0;15243;13001963
0;15244;13001963
0;15245;13001963
0;15246;13001964
0;15247;13001964
0;15248;13001964
0;15249;13001964
0;15250;13001965
0;15251;13001965
0;15252;13001965
0;15253;13001966
0;15254;13001966
0;15255;13001966
0;15256;13001967
0;15257;13001967
0;15258;13001967
0;15259;13001968
0;15260;13001968
0;15261;13001968
0;15262;13001968
0;15263;13001969
0;15264;13001969
0;15265;13001969
0;15266;13001970
0;15267;13001970
0;15268;13001970
0;15269;13001971
0;15270;13001971
0;15271;13001971
0;15272;13001971
0;15273;13001972
0;15274;13001972
0;15275;13001972
0;15276;13001973
0;15277;13001973
0;15278;13001973
0;15279;13001974
0;15280;13001974
0;15281;13001974
0;15282;13001975
0;15283;13001975
0;15284;13001975
0;15285;13001976
0;15286;13001976
0;15287;13001976
0;15288;13001977
0;15289;13001977
0;15290;13001977
0;15291;13001978
0;15292;13001978
0;15293;13001979
0;15294;13002002
0;15295;13002002
0;15296;13002002
0;15297;13002002
0;15298;13002003
0;15299;13002003
0;15300;13002003
0;15301;13002004
0;15302;13002004
0;15303;13002004
0;15304;13002005
0;15305;13002005
0;15306;13002005
0;15307;13002006
0;15308;13002006
0;15309;13002006
0;15310;13002007
0;15311;13002007
0;15312;13002007
0;15313;13002007
0;15314;13002008
0;15315;13002008
0;15316;13002008
0;15317;13002009
0;15318;13002009
0;15319;13002010
0;15320;13002010
0;15321;13002010
0;15322;13002010
0;15323;13002011
0;15324;13002011
0;15325;13002011
0;15326;13002012
0;15327;13002012
0;15328;13002012
0;15329;13002012
0;15330;13002013
0;15331;13002013
0;15332;13002013
0;15333;13002014
0;15334;13002014
0;15335;13002014
0;15336;13002015
0;15337;13002015
0;15338;13002015
0;15339;13002015
0;15340;13002016
0;15341;13002016
0;15342;13002016
0;15343;13002017
0;15344;13002017
0;15345;13002017
0;15346;13002017
0;15347;13002018
0;15348;13002018
0;15349;13002018
0;15350;13002019
0;15351;13002019
0;15352;13002019
0;15353;13002020
0;15354;13002020
0;15355;13002020
0;15356;13002065
0;15357;13002066
0;15358;13002066
0;15359;13002066
0;15360;13002067
0;15361;13002067
0;15362;13002067
0;15363;13002067
0;15364;13002068
0;15365;13002068
0;15366;13002068
0;15367;13002069
0;15368;13002069
0;15369;13002069
0;15370;13002070
0;15371;13002070
0;15372;13002070
0;15373;13002070
0;15374;13002071
0;15375;13002071
0;15376;13002071
0;15377;13002072
0;15378;13002072
0;15379;13002072
0;15380;13002072
0;15381;13002073
0;15382;13002073
0;15383;13002073
0;15384;13002074
0;15385;13002074
0;15386;13002074
0;15387;13002074
0;15388;13002075
0;15389;13002075
0;15390;13002076
0;15391;13002076
0;15392;13002076
0;15393;13002077
0;15394;13002132
0;15395;13002132
0;15396;13002132
0;15397;13002133
0;15398;13002133
0;15399;13002133
0;15400;13002134
0;15401;13002134
0;15402;13002134
0;15403;13002134
0;15404;13002135
0;15405;13002135
0;15406;13002135
0;15407;13002136
0;15408;13002136
0;15409;13002136
0;15410;13002136
0;15411;13002137
0;15412;13002137
0;15413;13002137
0;15414;13002138
0;15415;13002138
0;15416;13002138
0;15417;13002138
0;15418;13002139
0;15419;13002139
0;15420;13002200
0;15421;13002201
0;15422;13002201
0;15423;13002201
0;15424;13002202
0;15425;13002202
0;15426;13002202
0;15427;13002203
0;15428;13002203
0;15429;13002203
0;15430;13002203
0;15431;13002204
0;15432;13002204
0;15433;13002204
0;15434;13002205
0;15435;13002205
0;15436;13002205
0;15437;13002206
0;15438;13002206
0;15439;13002206
0;15440;13002207
0;15441;13002207
0;15442;13002207
0;15443;13002208
0;15444;13002208
0;15445;13002209
0;15446;13002265
0;15447;13002266
0;15448;13002266
0;15449;13002266
0;15450;13002266
0;15451;13002267
0;15452;13002267
0;15453;13002267
0;15454;13002268
0;15455;13002268
0;15456;13002268
0;15457;13002269
0;15458;13002269
0;15459;13002269
0;15460;13002270
0;15461;13002270
0;15462;13002270
0;15463;13002271
0;15464;13002271
0;15465;13002271
0;15466;13002272
0;15467;13002272
0;15468;13002272
0;15469;13002273
0;15470;13002273
0;15471;13002273
0;15472;13002331
0;15473;13002332
0;15474;13002332
0;15475;13002332
0;15476;13002333
0;15477;13002333
0;15478;13002333
0;15479;13002334
0;15480;13002334
0;15481;13002334
0;15482;13002335
0;15483;13002335
0;15484;13002335
0;15485;13002336
0;15486;13002336
0;15487;13002336
0;15488;13002337
0;15489;13002337
0;15490;13002337
0;15491;13002337
0;15492;13002338
0;15493;13002338
0;15494;13002338
0;15495;13002339
0;15496;13002339
0;15497;13002339
0;15498;13002340
0;15499;13002340
0;15500;13002398
0;15501;13002398
0;15502;13002399
0;15503;13002399
0;15504;13002399
0;15505;13002399
0;15506;13002400
0;15507;13002400
0;15508;13002400
0;15509;13002401
0;15510;13002401
0;15511;13002401
0;15512;13002402
0;15513;13002402
0;15514;13002402
0;15515;13002403
0;15516;13002403
0;15517;13002403
0;15518;13002404
0;15519;13002404
0;15520;13002404
0;15521;13002405
0;15522;13002405
0;15523;13002405
0;15524;13002406
0;15525;13002406
0;15526;13002406
0;15527;13002464
0;15528;13002464
0;15529;13002465
0;15530;13002465
0;15531;13002465
0;15532;13002466
0;15533;13002466
0;15534;13002466
0;15535;13002467
0;15536;13002467
0;15537;13002467
0;15538;13002467
0;15539;13002468
0;15540;13002468
0;15541;13002468
0;15542;13002469
0;15543;13002469
0;15544;13002469
0;15545;13002470
0;15546;13002470
0;15547;13002470
0;15548;13002471
0;15549;13002471
0;15550;13002471
0;15551;13002472
0;15552;13002472
0;15553;13002472
0;15554;13002473
0;15555;13002532
0;15556;13002533
0;15557;13002533
0;15558;13002533
0;15559;13002534
0;15560;13002534
0;15561;13002534
0;15562;13002535
0;15563;13002535
0;15564;13002535
0;15565;13002536
0;15566;13002536
0;15567;13002536
0;15568;13002537
0;15569;13002537
0;15570;13002537
0;15571;13002538
0;15572;13002538
0;15573;13002538
0;15574;13002538
0;15575;13002539
0;15576;13002539
0;15577;13002539
0;15578;13002540
0;15579;13002540
0;15580;13002541
0;15581;13002541
0;15582;13002597
0;15583;13002597
0;15584;13002597
0;15585;13002598
0;15586;13002598
0;15587;13002598
0;15588;13002599
0;15589;13002599
0;15590;13002599
0;15591;13002600
0;15592;13002600
0;15593;13002600
0;15594;13002601
0;15595;13002601
0;15596;13002601
0;15597;13002602
0;15598;13002602
0;15599;13002602
0;15600;13002602
0;15601;13002603
0;15602;13002603
0;15603;13002604
0;15604;13002604
0;15605;13002604
0;15606;13002604
0;15607;13002605
0;15608;13002605
0;15609;13002606
0;15610;13002663
0;15611;13002664
0;15612;13002664
0;15613;13002664
0;15614;13002665
0;15615;13002665
0;15616;13002665
0;15617;13002665
0;15618;13002666
0;15619;13002666
0;15620;13002666
0;15621;13002667
0;15622;13002667
0;15623;13002667
0;15624;13002668
0;15625;13002668
0;15626;13002668
0;15627;13002669
0;15628;13002669
0;15629;13002669
0;15630;13002670
0;15631;13002670
0;15632;13002670
0;15633;13002671
0;15634;13002671
0;15635;13002671
0;15636;13002672
0;15637;13002728
0;15638;13002728
0;15639;13002729
0;15640;13002729
0;15641;13002729
0;15642;13002729
0;15643;13002730
0;15644;13002730
0;15645;13002730
0;15646;13002731
0;15647;13002731
0;15648;13002731
0;15649;13002732
0;15650;13002732
0;15651;13002732
0;15652;13002733
0;15653;13002733
0;15654;13002733
0;15655;13002734
0;15656;13002734
0;15657;13002734
0;15658;13002734
0;15659;13002735
0;15660;13002735
0;15661;13002735
0;15662;13002736
0;15663;13002794
0;15664;13002794
0;15665;13002795
0;15666;13002795
0;15667;13002795
0;15668;13002795
0;15669;13002796
0;15670;13002796
0;15671;13002796
0;15672;13002797
0;15673;13002797
0;15674;13002797
0;15675;13002798
0;15676;13002798
0;15677;13002798
0;15678;13002799
0;15679;13002799
0;15680;13002799
0;15681;13002800
0;15682;13002800
0;15683;13002863
0;15684;13002863
0;15685;13002863
0;15686;13002864
0;15687;13002864
0;15688;13002864
0;15689;13002864
0;15690;13002865
0;15691;13002865
0;15692;13002865
0;15693;13002866
0;15694;13002866
0;15695;13002866
0;15696;13002867
0;15697;13002867
0;15698;13002867
0;15699;13002867
0;15700;13002868
0;15701;13002868
0;15702;13002868
0;15703;13002927
0;15704;13002927
0;15705;13002927
0;15706;13002928
0;15707;13002928
0;15708;13002928
0;15709;13002929
0;15710;13002929
0;15711;13002929
0;15712;13002930
0;15713;13002930
0;15714;13002930
0;15715;13002931
0;15716;13002931
0;15717;13002931
0;15718;13002932
0;15719;13002932
0;15720;13002932
0;15721;13002932
0;15722;13002994
0;15723;13002994
0;15724;13002995
0;15725;13002995
0;15726;13002995
0;15727;13002995
0;15728;13002996
0;15729;13002996
0;15730;13002996
0;15731;13002997
0;15732;13002997
0;15733;13002997
0;15734;13002998
0;15735;13002998
0;15736;13002998
0;15737;13002999
0;15738;13002999
0;15739;13002999
0;15740;13003000
0;15741;13003000
0;15742;13003061
0;15743;13003062
0;15744;13003062
0;15745;13003062
0;15746;13003063
0;15747;13003063
0;15748;13003063
0;15749;13003064
0;15750;13003064
0;15751;13003064
0;15752;13003065
0;15753;13003065
0;15754;13003065
0;15755;13003066
0;15756;13003066
0;15757;13003066
0;15758;13003066
0;15759;13003067
0;15760;13003067
0;15761;13003067
0;15762;13003068
0;15763;13003068
0;15764;13003068
0;15765;13003130
0;15766;13003130
0;15767;13003130
0;15768;13003131
0;15769;13003131
0;15770;13003131
0;15771;13003132
0;15772;13003132
0;15773;13003132
0;15774;13003133
0;15775;13003133
0;15776;13003133
0;15777;13003134
0;15778;13003134
0;15779;13003134
0;15780;13003134
0;15781;13003135
0;15782;13003135
0;15783;13003135
0;15784;13003136
0;15785;13003136
0;15786;13003136
0;15787;13003137
0;15788;13003137
0;15789;13003137
0;15790;13003196
0;15791;13003197
0;15792;13003197
0;15793;13003197
0;15794;13003198
0;15795;13003198
0;15796;13003198
0;15797;13003199
0;15798;13003199
0;15799;13003199
0;15800;13003200
0;15801;13003200
0;15802;13003200
0;15803;13003201
0;15804;13003201
0;15805;13003201
0;15806;13003201
0;15807;13003202
0;15808;13003202
0;15809;13003202
0;15810;13003203
0;15811;13003203
0;15812;13003204
0;15813;13003204
0;15814;13003204
0;15815;13003205
0;15816;13003205
0;15817;13003205
0;15818;13003205
0;15819;13003206
0;15820;13003206
0;15821;13003207
0;15822;13003207
0;15823;13003208
0;15824;13003208
0;15825;13003208
0;15826;13003209
0;15827;13003209
0;15828;13003263
0;15829;13003263
0;15830;13003264
0;15831;13003264
0;15832;13003264
0;15833;13003265
0;15834;13003265
0;15835;13003265
0;15836;13003265
0;15837;13003266
0;15838;13003266
0;15839;13003266
0;15840;13003267
0;15841;13003267
0;15842;13003267
0;15843;13003268
0;15844;13003268
0;15845;13003268
0;15846;13003269
0;15847;13003269
0;15848;13003269
0;15849;13003270
0;15850;13003270
0;15851;13003270
0;15852;13003271
0;15853;13003271
0;15854;13003272
0;15855;13003272
0;15856;13003329
0;15857;13003329
0;15858;13003329
0;15859;13003330
0;15860;13003330
0;15861;13003330
0;15862;13003330
0;15863;13003331
0;15864;13003331
0;15865;13003331
0;15866;13003332
0;15867;13003332
0;15868;13003332
0;15869;13003333
0;15870;13003333
0;15871;13003333
0;15872;13003334
0;15873;13003334
0;15874;13003334
0;15875;13003335
0;15876;13003335
0;15877;13003335
0;15878;13003336
0;15879;13003336
0;15880;13003336
0;15881;13003337
0;15882;13003337
0;15883;13003337
0;15884;13003337
0;15885;13003338
0;15886;13003338
0;15887;13003339
0;15888;13003339
0;15889;13003339
0;15890;13003340
0;15891;13003397
0;15892;13003397
0;15893;13003398
0;15894;13003398
0;15895;13003398
0;15896;13003399
0;15897;13003399
0;15898;13003399
0;15899;13003400
0;15900;13003400
0;15901;13003400
0;15902;13003401
0;15903;13003401
0;15904;13003401
0;15905;13003402
0;15906;13003402
0;15907;13003402
0;15908;13003403
0;15909;13003403
0;15910;13003403
0;15911;13003404
0;15912;13003404
0;15913;13003405
0;15914;13003405
0;15915;13003405
0;15916;13003406
0;15917;13003406
0;15918;13003406
0;15919;13003407
0;15920;13003407
0;15921;13003407
0;15922;13003408
0;15923;13003464
0;15924;13003464
0;15925;13003465
0;15926;13003465
0;15927;13003465
0;15928;13003466
0;15929;13003466
0;15930;13003466
0;15931;13003467
0;15932;13003467
0;15933;13003467
0;15934;13003467
0;15935;13003468
0;15936;13003468
0;15937;13003468
0;15938;13003469
0;15939;13003469
0;15940;13003470
0;15941;13003470
0;15942;13003470
0;15943;13003471
0;15944;13003471
0;15945;13003472
0;15946;13003472
0;15947;13003472
0;15948;13003472
0;15949;13003473
0;15950;13003473
0;15951;13003473
0;15952;13003474
0;15953;13003474
0;15954;13003474
0;15955;13003475
0;15956;13003475
0;15957;13003475
0;15958;13003476
0;15959;13003476
0;15960;13003476
0;15961;13003476
0;15962;13003477
0;15963;13003477
0;15964;13003478
0;15965;13003531
0;15966;13003532
0;15967;13003532
0;15968;13003533
0;15969;13003533
0;15970;13003533
0;15971;13003534
0;15972;13003534
0;15973;13003534
0;15974;13003534
0;15975;13003535
0;15976;13003535
0;15977;13003535
0;15978;13003536
0;15979;13003536
0;15980;13003537
0;15981;13003537
0;15982;13003537
0;15983;13003538
0;15984;13003538
0;15985;13003538
0;15986;13003539
0;15987;13003539
0;15988;13003540
0;15989;13003540
0;15990;13003540
0;15991;13003541
0;15992;13003541
0;15993;13003541
0;15994;13003542
0;15995;13003542
0;15996;13003542
0;15997;13003542
0;15998;13003543
0;15999;13003543
0;16000;13003543
0;16001;13003544
0;16002;13003544
0;16003;13003544
0;16004;13003545
0;16005;13003545
0;16006;13003596
0;16007;13003596
0;16008;13003597
0;16009;13003597
0;16010;13003597
0;16011;13003598
0;16012;13003598
0;16013;13003598
0;16014;13003599
0;16015;13003599
0;16016;13003599
0;16017;13003600
0;16018;13003600
0;16019;13003600
0;16020;13003601
0;16021;13003601
0;16022;13003601
0;16023;13003602
0;16024;13003602
0;16025;13003602
0;16026;13003603
0;16027;13003603
0;16028;13003604
0;16029;13003604
0;16030;13003604
0;16031;13003605
0;16032;13003605
0;16033;13003605
0;16034;13003606
0;16035;13003606
0;16036;13003606
0;16037;13003607
0;16038;13003607
0;16039;13003607
0;16040;13003608
0;16041;13003608
0;16042;13003608
0;16043;13003609
0;16044;13003609
0;16045;13003609
0;16046;13003662
0;16047;13003663
0;16048;13003663
0;16049;13003663
0;16050;13003664
0;16051;13003664
0;16052;13003664
0;16053;13003665
0;16054;13003665
0;16055;13003666
0;16056;13003666
0;16057;13003666
0;16058;13003666
0;16059;13003667
0;16060;13003667
0;16061;13003667
0;16062;13003668
0;16063;13003668
0;16064;13003668
0;16065;13003669
0;16066;13003669
0;16067;13003670
0;16068;13003670
0;16069;13003670
0;16070;13003671
0;16071;13003671
0;16072;13003671
0;16073;13003672
0;16074;13003672
0;16075;13003672
0;16076;13003673
0;16077;13003673
0;16078;13003673
0;16079;13003674
0;16080;13003674
0;16081;13003674
0;16082;13003675
0;16083;13003675
0;16084;13003675
0;16085;13003675
0;16086;13003676
0;16087;13003676
0;16088;13003729
0;16089;13003729
0;16090;13003730
0;16091;13003730
0;16092;13003730
0;16093;13003731
0;16094;13003731
0;16095;13003731
0;16096;13003732
0;16097;13003732
0;16098;13003732
0;16099;13003733
0;16100;13003733
0;16101;13003733
0;16102;13003733
0;16103;13003734
0;16104;13003734
0;16105;13003734
0;16106;13003735
0;16107;13003735
0;16108;13003736
0;16109;13003736
0;16110;13003736
0;16111;13003737
0;16112;13003737
0;16113;13003737
0;16114;13003738
0;16115;13003738
0;16116;13003738
0;16117;13003739
0;16118;13003739
0;16119;13003739
0;16120;13003740
0;16121;13003740
0;16122;13003740
0;16123;13003741
0;16124;13003741
0;16125;13003741
0;16126;13003742
0;16127;13003795
0;16128;13003796
0;16129;13003796
0;16130;13003796
0;16131;13003797
0;16132;13003797
0;16133;13003797
0;16134;13003798
0;16135;13003798
0;16136;13003798
0;16137;13003799
0;16138;13003799
0;16139;13003799
0;16140;13003800
0;16141;13003800
0;16142;13003800
0;16143;13003801
0;16144;13003801
0;16145;13003801
0;16146;13003802
0;16147;13003802
0;16148;13003802
0;16149;13003803
0;16150;13003803
0;16151;13003803
0;16152;13003804
0;16153;13003804
0;16154;13003804
0;16155;13003805
0;16156;13003805
0;16157;13003805
0;16158;13003806
0;16159;13003806
0;16160;13003806
0;16161;13003807
0;16162;13003807
0;16163;13003808
0;16164;13003808
0;16165;13003809
0;16166;13003809
0;16167;13003809
0;16168;13003865
0;16169;13003865
0;16170;13003866
0;16171;13003866
0;16172;13003866
0;16173;13003867
0;16174;13003867
0;16175;13003867
0;16176;13003868
0;16177;13003868
0;16178;13003869
0;16179;13003869
0;16180;13003869
0;16181;13003870
0;16182;13003870
0;16183;13003870
0;16184;13003871
0;16185;13003871
0;16186;13003871
0;16187;13003872
0;16188;13003872
0;16189;13003872
0;16190;13003873
0;16191;13003873
0;16192;13003873
0;16193;13003874
0;16194;13003874
0;16195;13003874
0;16196;13003875
0;16197;13003875
0;16198;13003875
0;16199;13003875
0;16200;13003876
0;16201;13003876
0;16202;13003876
0;16203;13003877
0;16204;13003877
0;16205;13003877
0;16206;13003878
0;16207;13003878
0;16208;13003879
0;16209;13003928
0;16210;13003929
0;16211;13003929
0;16212;13003929
0;16213;13003930
0;16214;13003930
0;16215;13003930
0;16216;13003931
0;16217;13003931
0;16218;13003931
0;16219;13003932
0;16220;13003932
0;16221;13003932
0;16222;13003932
0;16223;13003933
0;16224;13003933
0;16225;13003933
0;16226;13003934
0;16227;13003934
0;16228;13003934
0;16229;13003935
0;16230;13003935
0;16231;13003936
0;16232;13003936
0;16233;13003937
0;16234;13003938
0;16235;13003939
0;16236;13003939
0;16237;13003939
0;16238;13003940
0;16239;13003940
0;16240;13003940
0;16241;13003941
0;16242;13003941
0;16243;13003941
0;16244;13003942
0;16245;13003942
0;16246;13003942
0;16247;13003943
0;16248;13003943
0;16249;13003943
0;16250;13003944
0;16251;13003944
0;16252;13003994
0;16253;13003995
0;16254;13003995
0;16255;13003995
0;16256;13003996
0;16257;13003996
0;16258;13003996
0;16259;13003996
0;16260;13003997
0;16261;13003997
0;16262;13003998
0;16263;13003998
0;16264;13003998
0;16265;13003999
0;16266;13003999
0;16267;13003999
0;16268;13004000
0;16269;13004000
0;16270;13004000
0;16271;13004001
0;16272;13004001
0;16273;13004001
0;16274;13004002
0;16275;13004002
0;16276;13004002
0;16277;13004003
0;16278;13004003
0;16279;13004003
0;16280;13004004
0;16281;13004004
0;16282;13004004
0;16283;13004005
0;16284;13004005
0;16285;13004005
0;16286;13004006
0;16287;13004006
0;16288;13004006
0;16289;13004007
0;16290;13004007
0;16291;13004007
0;16292;13004008
0;16293;13004060
0;16294;13004060
0;16295;13004061
0;16296;13004061
0;16297;13004062
0;16298;13004062
0;16299;13004062
0;16300;13004062
0;16301;13004063
0;16302;13004063
0;16303;13004063
0;16304;13004064
0;16305;13004064
0;16306;13004064
0;16307;13004065
0;16308;13004065
0;16309;13004065
0;16310;13004066
0;16311;13004066
0;16312;13004066
0;16313;13004066
0;16314;13004067
0;16315;13004067
0;16316;13004068
0;16317;13004068
0;16318;13004069
0;16319;13004069
0;16320;13004069
0;16321;13004070
0;16322;13004070
0;16323;13004070
0;16324;13004071
0;16325;13004071
0;16326;13004071
0;16327;13004072
0;16328;13004072
0;16329;13004072
0;16330;13004073
0;16331;13004073
0;16332;13004073
0;16333;13004125
0;16334;13004125
0;16335;13004126
0;16336;13004126
0;16337;13004126
0;16338;13004127
0;16339;13004127
0;16340;13004127
0;16341;13004128
0;16342;13004128
0;16343;13004128
0;16344;13004129
0;16345;13004129
0;16346;13004129
0;16347;13004130
0;16348;13004130
0;16349;13004130
0;16350;13004131
0;16351;13004131
0;16352;13004131
0;16353;13004131
0;16354;13004132
0;16355;13004132
0;16356;13004132
0;16357;13004133
0;16358;13004133
0;16359;13004133
0;16360;13004134
0;16361;13004134
0;16362;13004135
0;16363;13004135
0;16364;13004136
0;16365;13004136
0;16366;13004136
0;16367;13004136
0;16368;13004137
0;16369;13004137
0;16370;13004137
0;16371;13004138
0;16372;13004193
0;16373;13004194
0;16374;13004194
0;16375;13004194
0;16376;13004195
0;16377;13004195
0;16378;13004195
0;16379;13004196
0;16380;13004196
0;16381;13004196
0;16382;13004197
0;16383;13004197
0;16384;13004197
0;16385;13004198
0;16386;13004198
0;16387;13004198
0;16388;13004199
0;16389;13004199
0;16390;13004199
0;16391;13004200
0;16392;13004200
0;16393;13004201
0;16394;13004201
0;16395;13004201
0;16396;13004202
0;16397;13004202
0;16398;13004202
0;16399;13004203
0;16400;13004203
0;16401;13004204
0;16402;13004204
0;16403;13004258
0;16404;13004259
0;16405;13004259
0;16406;13004259
0;16407;13004260
0;16408;13004260
0;16409;13004260
0;16410;13004261
0;16411;13004261
0;16412;13004261
0;16413;13004262
0;16414;13004262
0;16415;13004262
0;16416;13004262
0;16417;13004263
0;16418;13004263
0;16419;13004263
0;16420;13004264
0;16421;13004264
0;16422;13004264
0;16423;13004265
0;16424;13004265
0;16425;13004265
0;16426;13004266
0;16427;13004266
0;16428;13004266
0;16429;13004267
0;16430;13004267
0;16431;13004267
0;16432;13004267
0;16433;13004324
0;16434;13004325
0;16435;13004325
0;16436;13004325
0;16437;13004326
0;16438;13004326
0;16439;13004326
0;16440;13004327
0;16441;13004327
0;16442;13004327
0;16443;13004328
0;16444;13004328
0;16445;13004328
0;16446;13004329
0;16447;13004329
0;16448;13004329
0;16449;13004330
0;16450;13004330
0;16451;13004330
0;16452;13004331
0;16453;13004331
0;16454;13004331
0;16455;13004331
0;16456;13004332
0;16457;13004332
0;16458;13004332
0;16459;13004333
0;16460;13004333
0;16461;13004334
0;16462;13004334
0;16463;13004334
0;16464;13004335
0;16465;13004391
0;16466;13004392
0;16467;13004392
0;16468;13004392
0;16469;13004393
0;16470;13004393
0;16471;13004393
0;16472;13004394
0;16473;13004394
0;16474;13004394
0;16475;13004395
0;16476;13004395
0;16477;13004395
0;16478;13004396
0;16479;13004396
0;16480;13004396
0;16481;13004397
0;16482;13004397
0;16483;13004397
0;16484;13004398
0;16485;13004398
0;16486;13004398
0;16487;13004399
0;16488;13004399
0;16489;13004399
0;16490;13004400
0;16491;13004400
0;16492;13004400
0;16493;13004401
0;16494;13004401
0;16495;13004401
0;16496;13004401
0;16497;13004402
0;16498;13004460
0;16499;13004461
0;16500;13004461
0;16501;13004461
0;16502;13004462
0;16503;13004462
0;16504;13004462
0;16505;13004463
0;16506;13004463
0;16507;13004463
0;16508;13004464
0;16509;13004464
0;16510;13004464
0;16511;13004464
0;16512;13004465
0;16513;13004465
0;16514;13004465
0;16515;13004466
0;16516;13004466
0;16517;13004467
0;16518;13004467
0;16519;13004467
0;16520;13004468
0;16521;13004468
0;16522;13004468
0;16523;13004469
0;16524;13004469
0;16525;13004470
0;16526;13004470
0;16527;13004470
0;16528;13004471
0;16529;13004471
0;16530;13004471
0;16531;13004472
0;16532;13004472
0;16533;13004472
0;16534;13004529
0;16535;13004529
0;16536;13004529
0;16537;13004530
0;16538;13004530
0;16539;13004530
0;16540;13004530
0;16541;13004531
0;16542;13004531
0;16543;13004531
0;16544;13004532
0;16545;13004532
0;16546;13004532
0;16547;13004533
0;16548;13004533
0;16549;13004533
0;16550;13004534
0;16551;13004534
0;16552;13004534
0;16553;13004535
0;16554;13004535
0;16555;13004535
0;16556;13004536
0;16557;13004536
0;16558;13004537
0;16559;13004537
0;16560;13004537
0;16561;13004537
0;16562;13004538
0;16563;13004538
0;16564;13004538
0;16565;13004539
0;16566;13004539
0;16567;13004539
0;16568;13004540
0;16569;13004540
0;16570;13004540
0;16571;13004541
0;16572;13004541
0;16573;13004541
0;16574;13004542
0;16575;13004542
0;16576;13004542
0;16577;13004543
0;16578;13004543
0;16579;13004543
0;16580;13004544
0;16581;13004544
0;16582;13004544
0;16583;13004592
0;16584;13004593
0;16585;13004593
0;16586;13004593
0;16587;13004594
0;16588;13004594
0;16589;13004594
0;16590;13004595
0;16591;13004595
0;16592;13004595
0;16593;13004596
0;16594;13004596
0;16595;13004596
0;16596;13004597
0;16597;13004597
0;16598;13004597
0;16599;13004598
0;16600;13004598
0;16601;13004599
0;16602;13004599
0;16603;13004599
0;16604;13004600
0;16605;13004600
0;16606;13004600
0;16607;13004601
0;16608;13004601
0;16609;13004601
0;16610;13004602
0;16611;13004602
0;16612;13004602
0;16613;13004603
0;16614;13004603
0;16615;13004603
0;16616;13004604
0;16617;13004604
0;16618;13004604
0;16619;13004604
0;16620;13004605
0;16621;13004605
0;16622;13004606
0;16623;13004606
0;16624;13004606
0;16625;13004659
0;16626;13004659
0;16627;13004659
0;16628;13004660
0;16629;13004660
0;16630;13004660
0;16631;13004661
0;16632;13004661
0;16633;13004661
0;16634;13004662
0;16635;13004662
0;16636;13004662
0;16637;13004663
0;16638;13004663
0;16639;13004663
0;16640;13004664
0;16641;13004664
0;16642;13004664
0;16643;13004664
0;16644;13004665
0;16645;13004665
0;16646;13004666
0;16647;13004666
0;16648;13004666
0;16649;13004667
0;16650;13004667
0;16651;13004667
0;16652;13004668
0;16653;13004668
0;16654;13004668
0;16655;13004679
0;16656;13004679
0;16657;13004680
0;16658;13004680
0;16659;13004680
0;16660;13004681
0;16661;13004681
0;16662;13004682
0;16663;13004682
0;16664;13004682
0;16665;13004725
0;16666;13004726
0;16667;13004726
0;16668;13004726
0;16669;13004727
0;16670;13004727
0;16671;13004727
0;16672;13004728
0;16673;13004728
0;16674;13004728
0;16675;13004734
0;16676;13004734
0;16677;13004735
0;16678;13004735
0;16679;13004735
0;16680;13004736
0;16681;13004736
0;16682;13004736
0;16683;13004737
0;16684;13004737
0;16685;13004738
0;16686;13004738
0;16687;13004738
0;16688;13004749
0;16689;13004749
0;16690;13004750
0;16691;13004750
0;16692;13004750
0;16693;13004751
0;16694;13004751
0;16695;13004751
0;16696;13004752
0;16697;13004752
0;16698;13004752
0;16699;13004753
0;16700;13004753
0;16701;13004753
0;16702;13004754
0;16703;13004791
0;16704;13004791
0;16705;13004792
0;16706;13004792
0;16707;13004792
0;16708;13004793
0;16709;13004793
0;16710;13004793
0;16711;13004794
0;16712;13004794
0;16713;13004794
0;16714;13004794
0;16715;13004795
0;16716;13004795
0;16717;13004795
0;16718;13004796
0;16719;13004796
0;16720;13004796
0;16721;13004797
0;16722;13004797
0;16723;13004797
0;16724;13004798
0;16725;13004798
0;16726;13004809
0;16727;13004809
0;16728;13004809
0;16729;13004810
0;16730;13004810
0;16731;13004810
0;16732;13004811
0;16733;13004811
0;16734;13004812
0;16735;13004812
0;16736;13004812
0;16737;13004813
0;16738;13004813
0;16739;13004814
0;16740;13004814
0;16741;13004819
0;16742;13004860
0;16743;13004860
0;16744;13004861
0;16745;13004861
0;16746;13004862
0;16747;13004862
0;16748;13004862
0;16749;13004863
0;16750;13004863
0;16751;13004863
0;16752;13004864
0;16753;13004864
0;16754;13004864
0;16755;13004865
0;16756;13004865
0;16757;13004866
0;16758;13004866
0;16759;13004866
0;16760;13004866
0;16761;13004867
0;16762;13004867
0;16763;13004867
0;16764;13004868
0;16765;13004868
0;16766;13004879
0;16767;13004879
0;16768;13004879
0;16769;13004880
0;16770;13004880
0;16771;13004880
0;16772;13004881
0;16773;13004881
0;16774;13004881
0;16775;13004882
0;16776;13004882
0;16777;13004882
0;16778;13004883
0;16779;13004883
0;16780;13004924
0;16781;13004924
0;16782;13004925
0;16783;13004925
0;16784;13004925
0;16785;13004926
0;16786;13004926
0;16787;13004926
0;16788;13004927
0;16789;13004927
0;16790;13004927
0;16791;13004928
0;16792;13004928
0;16793;13004928
0;16794;13004939
0;16795;13004939
0;16796;13004940
0;16797;13004940
0;16798;13004941
0;16799;13004942
0;16800;13004942
0;16801;13004942
0;16802;13004943
0;16803;13004943
0;16804;13004943
0;16805;13004944
0;16806;13004944
0;16807;13004944
0;16808;13004945
0;16809;13004945
0;16810;13004945
0;16811;13004946
0;16812;13004946
0;16813;13004946
0;16814;13004947
0;16815;13004947
0;16816;13004947
0;16817;13004947
0;16818;13004948
0;16819;13004991
0;16820;13004991
0;16821;13004991
0;16822;13004992
0;16823;13004992
0;16824;13004992
0;16825;13004992
0;16826;13004993
0;16827;13004993
0;16828;13004993
0;16829;13004994
0;16830;13004994
0;16831;13004994
0;16832;13004995
0;16833;13004995
0;16834;13004995
0;16835;13004995
0;16836;13004996
0;16837;13004996
0;16838;13004996
0;16839;13004997
0;16840;13004997
0;16841;13004997
0;16842;13004998
0;16843;13004998
0;16844;13005028
0;16845;13005028
0;16846;13005029
0;16847;13005029
0;16848;13005029
0;16849;13005029
0;16850;13005030
0;16851;13005030
0;16852;13005031
0;16853;13005031
0;16854;13005031
0;16855;13005031
0;16856;13005032
0;16857;13005057
0;16858;13005058
0;16859;13005058
0;16860;13005059
0;16861;13005061
0;16862;13005062
0;16863;13005063
0;16864;13005063
0;16865;13005063
0;16866;13005064
0;16867;13005064
0;16868;13005065
0;16869;13005065
0;16870;13005065
0;16871;13005065
0;16872;13005066
0;16873;13005066
0;16874;13005066
0;16875;13005067
0;16876;13005067
0;16877;13005077
0;16878;13005077
0;16879;13005077
0;16880;13005078
0;16881;13005078
0;16882;13005078
0;16883;13005079
0;16884;13005079
0;16885;13005079
0;16886;13005080
0;16887;13005080
0;16888;13005081
0;16889;13005081
0;16890;13005081
0;16891;13005081
0;16892;13005082
0;16893;13005082
0;16894;13005082
0;16895;13005083
0;16896;13005083
0;16897;13005123
0;16898;13005124
0;16899;13005124
0;16900;13005124
0;16901;13005125
0;16902;13005125
0;16903;13005125
0;16904;13005126
0;16905;13005126
0;16906;13005126
0;16907;13005126
0;16908;13005127
0;16909;13005127
0;16910;13005127
0;16911;13005135
0;16912;13005135
0;16913;13005136
0;16914;13005136
0;16915;13005136
0;16916;13005137
0;16917;13005137
0;16918;13005137
0;16919;13005137
0;16920;13005138
0;16921;13005138
0;16922;13005138
0;16923;13005139
0;16924;13005139
0;16925;13005139
0;16926;13005140
0;16927;13005140
0;16928;13005140
0;16929;13005141
0;16930;13005141
0;16931;13005141
0;16932;13005141
0;16933;13005142
0;16934;13005142
0;16935;13005191
0;16936;13005192
0;16937;13005192
0;16938;13005192
0;16939;13005193
0;16940;13005193
0;16941;13005193
0;16942;13005193
0;16943;13005194
0;16944;13005194
0;16945;13005194
0;16946;13005195
0;16947;13005195
0;16948;13005199
0;16949;13005199
0;16950;13005199
0;16951;13005200
0;16952;13005200
0;16953;13005200
0;16954;13005201
0;16955;13005201
0;16956;13005201
0;16957;13005201
0;16958;13005202
0;16959;13005202
0;16960;13005202
0;16961;13005203
0;16962;13005203
0;16963;13005203
0;16964;13005209
0;16965;13005209
0;16966;13005209
0;16967;13005210
0;16968;13005210
0;16969;13005210
0;16970;13005211
0;16971;13005211
0;16972;13005211
0;16973;13005212
0;16974;13005258
0;16975;13005258
0;16976;13005259
0;16977;13005259
0;16978;13005259
0;16979;13005260
0;16980;13005260
0;16981;13005260
0;16982;13005260
0;16983;13005261
0;16984;13005261
0;16985;13005261
0;16986;13005262
0;16987;13005262
0;16988;13005262
0;16989;13005263
0;16990;13005263
0;16991;13005263
0;16992;13005264
0;16993;13005264
0;16994;13005264
0;16995;13005265
0;16996;13005265
0;16997;13005265
0;16998;13005266
0;16999;13005266
0;17000;13005266
0;17001;13005266
0;17002;13005267
0;17003;13005267
0;17004;13005267
0;17005;13005268
0;17006;13005268
0;17007;13005268
0;17008;13005269
0;17009;13005269
0;17010;13005322
0;17011;13005322
0;17012;13005323
0;17013;13005323
0;17014;13005323
0;17015;13005324
0;17016;13005324
0;17017;13005324
0;17018;13005324
0;17019;13005325
0;17020;13005325
0;17021;13005325
0;17022;13005326
0;17023;13005326
0;17024;13005326
0;17025;13005327
0;17026;13005327
0;17027;13005327
0;17028;13005327
0;17029;13005328
0;17030;13005328
0;17031;13005328
0;17032;13005329
0;17033;13005329
0;17034;13005330
0;17035;13005330
0;17036;13005330
0;17037;13005331
0;17038;13005331
0;17039;13005331
0;17040;13005331
0;17041;13005332
0;17042;13005332
0;17043;13005332
0;17044;13005333
0;17045;13005333
0;17046;13005333
0;17047;13005334
0;17048;13005334
0;17049;13005334
0;17050;13005334
0;17051;13005335
0;17052;13005335
0;17053;13005336
0;17054;13005336
0;17055;13005336
0;17056;13005336
0;17057;13005388
0;17058;13005389
0;17059;13005389
0;17060;13005389
0;17061;13005390
0;17062;13005390
0;17063;13005390
0;17064;13005390
0;17065;13005391
0;17066;13005391
0;17067;13005391
0;17068;13005392
0;17069;13005392
0;17070;13005392
0;17071;13005393
0;17072;13005393
0;17073;13005393
0;17074;13005393
0;17075;13005394
0;17076;13005394
0;17077;13005394
0;17078;13005395
0;17079;13005395
0;17080;13005395
0;17081;13005395
0;17082;13005396
0;17083;13005396
0;17084;13005397
0;17085;13005397
0;17086;13005397
0;17087;13005398
0;17088;13005398
0;17089;13005398
0;17090;13005399
0;17091;13005399
0;17092;13005399
0;17093;13005455
0;17094;13005455
0;17095;13005456
0;17096;13005456
0;17097;13005456
0;17098;13005457
0;17099;13005457
0;17100;13005457
0;17101;13005457
0;17102;13005458
0;17103;13005458
0;17104;13005458
0;17105;13005459
0;17106;13005459
0;17107;13005459
0;17108;13005459
0;17109;13005460
0;17110;13005460
0;17111;13005460
0;17112;13005461
0;17113;13005461
0;17114;13005461
0;17115;13005462
0;17116;13005462
0;17117;13005462
0;17118;13005463
0;17119;13005463
0;17120;13005463
0;17121;13005464
0;17122;13005464
0;17123;13005464
0;17124;13005465
0;17125;13005465
0;17126;13005465
0;17127;13005466
0;17128;13005523
0;17129;13005523
0;17130;13005523
0;17131;13005524
0;17132;13005524
0;17133;13005524
0;17134;13005525
0;17135;13005525
0;17136;13005525
0;17137;13005525
0;17138;13005526
0;17139;13005527
0;17140;13005527
0;17141;13005527
0;17142;13005527
0;17143;13005528
0;17144;13005528
0;17145;13005529
0;17146;13005529
0;17147;13005529
0;17148;13005530
0;17149;13005530
0;17150;13005530
0;17151;13005531
0;17152;13005531
0;17153;13005531
0;17154;13005531
0;17155;13005532
0;17156;13005532
0;17157;13005532
0;17158;13005533
0;17159;13005533
0;17160;13005533
0;17161;13005534
0;17162;13005534
0;17163;13005587
0;17164;13005588
0;17165;13005588
0;17166;13005588
0;17167;13005588
0;17168;13005589
0;17169;13005589
0;17170;13005589
0;17171;13005590
0;17172;13005590
0;17173;13005590
0;17174;13005591
0;17175;13005591
0;17176;13005591
0;17177;13005591
0;17178;13005592
0;17179;13005592
0;17180;13005592
0;17181;13005593
0;17182;13005593
0;17183;13005593
0;17184;13005593
0;17185;13005594
0;17186;13005594
0;17187;13005594
0;17188;13005595
0;17189;13005595
0;17190;13005595
0;17191;13005596
0;17192;13005596
0;17193;13005596
0;17194;13005597
0;17195;13005597
0;17196;13005597
0;17197;13005653
0;17198;13005653
0;17199;13005653
0;17200;13005654
0;17201;13005654
0;17202;13005654
0;17203;13005655
0;17204;13005655
0;17205;13005655
0;17206;13005655
0;17207;13005656
0;17208;13005656
0;17209;13005656
0;17210;13005657
0;17211;13005657
0;17212;13005657
0;17213;13005657
0;17214;13005658
0;17215;13005658
0;17216;13005658
0;17217;13005659
0;17218;13005659
0;17219;13005660
0;17220;13005660
0;17221;13005660
0;17222;13005661
0;17223;13005661
0;17224;13005661
0;17225;13005662
0;17226;13005662
0;17227;13005663
0;17228;13005663
0;17229;13005663
0;17230;13005664
0;17231;13005719
0;17232;13005719
0;17233;13005720
0;17234;13005720
0;17235;13005720
0;17236;13005721
0;17237;13005721
0;17238;13005721
0;17239;13005721
0;17240;13005722
0;17241;13005722
0;17242;13005722
0;17243;13005723
0;17244;13005723
0;17245;13005723
0;17246;13005724
0;17247;13005724
0;17248;13005724
0;17249;13005725
0;17250;13005725
0;17251;13005725
0;17252;13005726
0;17253;13005726
0;17254;13005726
0;17255;13005727
0;17256;13005727
0;17257;13005727
0;17258;13005728
0;17259;13005728
0;17260;13005785
0;17261;13005786
0;17262;13005786
0;17263;13005786
0;17264;13005787
0;17265;13005787
0;17266;13005787
0;17267;13005788
0;17268;13005788
0;17269;13005788
0;17270;13005789
0;17271;13005789
0;17272;13005789
0;17273;13005790
0;17274;13005790
0;17275;13005790
0;17276;13005791
0;17277;13005791
0;17278;13005791
0;17279;13005792
0;17280;13005792
0;17281;13005792
0;17282;13005792
0;17283;13005793
0;17284;13005793
0;17285;13005793
0;17286;13005794
0;17287;13005794
0;17288;13005872
0;17289;13005872
0;17290;13005873
0;17291;13005873
0;17292;13005873
0;17293;13005874
0;17294;13005874
0;17295;13005875
0;17296;13005875
0;17297;13005875
0;17298;13005876
0;17299;13005876
0;17300;13005876
0;17301;13005877
0;17302;13005877
0;17303;13005877
0;17304;13005878
0;17305;13005878
0;17306;13005879
0;17307;13005879
0;17308;13005879
0;17309;13005880
0;17310;13005880
0;17311;13005880
0;17312;13005881
0;17313;13005881
0;17314;13005881
0;17315;13005881
0;17316;13005925
0;17317;13005926
0;17318;13005926
0;17319;13005926
0;17320;13005927
0;17321;13005927
0;17322;13005928
0;17323;13005928
0;17324;13005929
0;17325;13005929
0;17326;13005929
0;17327;13005929
0;17328;13005930
0;17329;13005930
0;17330;13005930
0;17331;13005931
0;17332;13005931
0;17333;13005931
0;17334;13005932
0;17335;13005932
0;17336;13005932
0;17337;13005933
0;17338;13005933
0;17339;13005933
0;17340;13005934
0;17341;13005934
0;17342;13005934
0;17343;13005935
0;17344;13005935
0;17345;13005935
0;17346;13005936
0;17347;13005936
0;17348;13005936
0;17349;13005937
0;17350;13005937
0;17351;13005937
0;17352;13005938
0;17353;13005938
0;17354;13005938
0;17355;13005939
0;17356;13005939
0;17357;13005939
0;17358;13005940
0;17359;13005940
0;17360;13005940
0;17361;13005941
0;17362;13005941
0;17363;13005941
0;17364;13005942
0;17365;13005942
0;17366;13005942
0;17367;13005944
0;17368;13005945
0;17369;13005945
0;17370;13005946
0;17371;13005946
0;17372;13005946
0;17373;13005947
0;17374;13005947
0;17375;13005947
0;17376;13005948
0;17377;13005948
0;17378;13005948
0;17379;13005949
0;17380;13005949
0;17381;13005950
0;17382;13005950
0;17383;13005950
0;17384;13005950
0;17385;13005951
0;17386;13005951
0;17387;13005951
0;17388;13005952
0;17389;13005952
0;17390;13005952
0;17391;13005953
0;17392;13005953
0;17393;13005953
0;17394;13005954
0;17395;13005954
0;17396;13005954
0;17397;13005955
0;17398;13005955
0;17399;13005955
0;17400;13005956
0;17401;13005956
0;17402;13005956
0;17403;13005957
0;17404;13005957
0;17405;13005958
0;17406;13005958
0;17407;13005958
0;17408;13005959
0;17409;13005959
0;17410;13005959
0;17411;13005960
0;17412;13005960
0;17413;13005960
0;17414;13005961
0;17415;13005961
0;17416;13005961
0;17417;13005962
0;17418;13005962
0;17419;13005962
0;17420;13005963
0;17421;13005963
0;17422;13005964
0;17423;13005964
0;17424;13005964
0;17425;13005965
0;17426;13005965
0;17427;13005965
0;17428;13005966
0;17429;13005966
0;17430;13005966
0;17431;13005967
0;17432;13005967
0;17433;13005967
0;17434;13005968
0;17435;13005968
0;17436;13005968
0;17437;13005969
0;17438;13005986
0;17439;13005987
0;17440;13005987
0;17441;13005987
0;17442;13005988
0;17443;13005988
0;17444;13005988
0;17445;13005989
0;17446;13005989
0;17447;13005989
0;17448;13005990
0;17449;13005990
0;17450;13005990
0;17451;13005991
0;17452;13005991
0;17453;13005991
0;17454;13005992
0;17455;13005992
0;17456;13005992
0;17457;13005993
0;17458;13005993
0;17459;13005993
0;17460;13005994
0;17461;13005994
0;17462;13005994
0;17463;13005995
0;17464;13005995
0;17465;13005995
0;17466;13005996
0;17467;13005996
0;17468;13005996
0;17469;13005997
0;17470;13005997
0;17471;13005997
0;17472;13005998
0;17473;13005998
0;17474;13005999
0;17475;13005999
0;17476;13005999
0;17477;13005999
0;17478;13006000
0;17479;13006000
0;17480;13006001
0;17481;13006001
0;17482;13006001
0;17483;13006002
0;17484;13006002
0;17485;13006002
0;17486;13006002
0;17487;13006003
0;17488;13006003
0;17489;13006003
0;17490;13006004
0;17491;13006004
0;17492;13006004
0;17493;13006005
0;17494;13006005
0;17495;13006005
0;17496;13006006
0;17497;13006006
0;17498;13006050
0;17499;13006050
0;17500;13006051
0;17501;13006051
0;17502;13006051
0;17503;13006052
0;17504;13006052
0;17505;13006052
0;17506;13006053
0;17507;13006053
0;17508;13006053
0;17509;13006054
0;17510;13006054
0;17511;13006054
0;17512;13006054
0;17513;13006055
0;17514;13006055
0;17515;13006055
0;17516;13006056
0;17517;13006056
0;17518;13006056
0;17519;13006057
0;17520;13006057
0;17521;13006057
0;17522;13006058
0;17523;13006058
0;17524;13006058
0;17525;13006059
0;17526;13006059
0;17527;13006059
0;17528;13006060
0;17529;13006060
0;17530;13006060
0;17531;13006061
0;17532;13006061
0;17533;13006062
0;17534;13006062
0;17535;13006117
0;17536;13006118
0;17537;13006118
0;17538;13006119
0;17539;13006119
0;17540;13006119
0;17541;13006119
0;17542;13006120
0;17543;13006120
0;17544;13006120
0;17545;13006121
0;17546;13006121
0;17547;13006121
0;17548;13006122
0;17549;13006122
0;17550;13006122
0;17551;13006123
0;17552;13006123
0;17553;13006123
0;17554;13006123
0;17555;13006124
0;17556;13006124
0;17557;13006124
0;17558;13006185
0;17559;13006185
0;17560;13006185
0;17561;13006186
0;17562;13006186
0;17563;13006186
0;17564;13006187
0;17565;13006187
0;17566;13006187
0;17567;13006188
0;17568;13006188
0;17569;13006188
0;17570;13006189
0;17571;13006189
0;17572;13006189
0;17573;13006190
0;17574;13006190
0;17575;13006190
0;17576;13006191
0;17577;13006191
0;17578;13006191
0;17579;13006191
0;17580;13006192
0;17581;13006192
0;17582;13006192
0;17583;13006193
0;17584;13006193
0;17585;13006194
0;17586;13006194
0;17587;13006250
0;17588;13006250
0;17589;13006250
0;17590;13006251
0;17591;13006251
0;17592;13006251
0;17593;13006252
0;17594;13006252
0;17595;13006252
0;17596;13006253
0;17597;13006253
0;17598;13006253
0;17599;13006254
0;17600;13006254
0;17601;13006254
0;17602;13006255
0;17603;13006255
0;17604;13006255
0;17605;13006256
0;17606;13006256
0;17607;13006256
0;17608;13006257
0;17609;13006257
0;17610;13006257
0;17611;13006317
0;17612;13006317
0;17613;13006318
0;17614;13006318
0;17615;13006318
0;17616;13006319
0;17617;13006319
0;17618;13006319
0;17619;13006319
0;17620;13006320
0;17621;13006320
0;17622;13006320
0;17623;13006321
0;17624;13006321
0;17625;13006321
0;17626;13006322
0;17627;13006322
0;17628;13006322
0;17629;13006323
0;17630;13006323
0;17631;13006323
0;17632;13006323
0;17633;13006324
0;17634;13006382
0;17635;13006382
0;17636;13006383
0;17637;13006383
0;17638;13006383
0;17639;13006384
0;17640;13006384
0;17641;13006384
0;17642;13006385
0;17643;13006385
0;17644;13006385
0;17645;13006385
0;17646;13006386
0;17647;13006386
0;17648;13006386
0;17649;13006387
0;17650;13006387
0;17651;13006387
0;17652;13006388
0;17653;13006388
0;17654;13006388
0;17655;13006389
0;17656;13006389
0;17657;13006389
0;17658;13006390
0;17659;13006390
0;17660;13006390
0;17661;13006391
0;17662;13006391
0;17663;13006450
0;17664;13006450
0;17665;13006450
0;17666;13006451
0;17667;13006451
0;17668;13006451
0;17669;13006452
0;17670;13006452
0;17671;13006452
0;17672;13006453
0;17673;13006453
0;17674;13006453
0;17675;13006454
0;17676;13006454
0;17677;13006454
0;17678;13006455
0;17679;13006455
0;17680;13006455
0;17681;13006456
0;17682;13006456
0;17683;13006456
0;17684;13006456
0;17685;13006457
0;17686;13006518
0;17687;13006519
0;17688;13006519
0;17689;13006519
0;17690;13006520
0;17691;13006520
0;17692;13006520
0;17693;13006521
0;17694;13006521
0;17695;13006521
0;17696;13006522
0;17697;13006522
0;17698;13006522
0;17699;13006522
0;17700;13006523
0;17701;13006523
0;17702;13006523
0;17703;13006524
0;17704;13006524
0;17705;13006524
0;17706;13006525
0;17707;13006525
0;17708;13006526
0;17709;13006526
0;17710;13006526
0;17711;13006527
0;17712;13006527
0;17713;13006527
0;17714;13006528
0;17715;13006584
0;17716;13006584
0;17717;13006584
0;17718;13006585
0;17719;13006585
0;17720;13006585
0;17721;13006586
0;17722;13006586
0;17723;13006586
0;17724;13006586
0;17725;13006587
0;17726;13006587
0;17727;13006587
0;17728;13006588
0;17729;13006588
0;17730;13006588
0;17731;13006589
0;17732;13006589
0;17733;13006589
0;17734;13006590
0;17735;13006590
0;17736;13006590
0;17737;13006591
0;17738;13006591
0;17739;13006592
0;17740;13006592
0;17741;13006592
0;17742;13006593
0;17743;13006649
0;17744;13006649
0;17745;13006650
0;17746;13006650
0;17747;13006650
0;17748;13006651
0;17749;13006651
0;17750;13006651
0;17751;13006651
0;17752;13006652
0;17753;13006652
0;17754;13006652
0;17755;13006653
0;17756;13006653
0;17757;13006653
0;17758;13006654
0;17759;13006654
0;17760;13006654
0;17761;13006655
0;17762;13006655
0;17763;13006655
0;17764;13006656
0;17765;13006656
0;17766;13006656
0;17767;13006657
0;17768;13006657
0;17769;13006657
0;17770;13006658
0;17771;13006658
0;17772;13006659
0;17773;13006659
0;17774;13006659
0;17775;13006660
0;17776;13006660
0;17777;13006660
0;17778;13006717
0;17779;13006717
0;17780;13006717
0;17781;13006718
0;17782;13006718
0;17783;13006719
0;17784;13006719
0;17785;13006719
0;17786;13006720
0;17787;13006720
0;17788;13006720
0;17789;13006720
0;17790;13006721
0;17791;13006721
0;17792;13006721
0;17793;13006722
0;17794;13006722
0;17795;13006722
0;17796;13006723
0;17797;13006723
0;17798;13006723
0;17799;13006724
0;17800;13006724
0;17801;13006724
0;17802;13006725
0;17803;13006725
0;17804;13006726
0;17805;13006726
0;17806;13006783
0;17807;13006784
0;17808;13006784
0;17809;13006784
0;17810;13006785
0;17811;13006785
0;17812;13006785
0;17813;13006786
0;17814;13006786
0;17815;13006786
0;17816;13006786
0;17817;13006787
0;17818;13006787
0;17819;13006787
0;17820;13006788
0;17821;13006788
0;17822;13006788
0;17823;13006789
0;17824;13006789
0;17825;13006789
0;17826;13006790
0;17827;13006790
0;17828;13006791
0;17829;13006791
0;17830;13006792
0;17831;13006792
0;17832;13006792
0;17833;13006793
0;17834;13006793
0;17835;13006793
0;17836;13006794
0;17837;13006794
0;17838;13006794
0;17839;13006794
0;17840;13006795
0;17841;13006851
0;17842;13006852
0;17843;13006852
0;17844;13006852
0;17845;13006853
0;17846;13006853
0;17847;13006853
0;17848;13006854
0;17849;13006854
0;17850;13006855
0;17851;13006855
0;17852;13006856
0;17853;13006856
0;17854;13006856
0;17855;13006857
0;17856;13006857
0;17857;13006857
0;17858;13006858
0;17859;13006858
0;17860;13006859
0;17861;13006859
0;17862;13006859
0;17863;13006860
0;17864;13006860
0;17865;13006860
0;17866;13006861
0;17867;13006861
0;17868;13006861
0;17869;13006861
0;17870;13006862
0;17871;13006862
0;17872;13006863
0;17873;13006863
0;17874;13006863
0;17875;13006916
0;17876;13006917
0;17877;13006917
0;17878;13006917
0;17879;13006917
0;17880;13006918
0;17881;13006918
0;17882;13006919
0;17883;13006919
0;17884;13006919
0;17885;13006920
0;17886;13006920
0;17887;13006920
0;17888;13006921
0;17889;13006921
0;17890;13006921
0;17891;13006921
0;17892;13006922
0;17893;13006922
0;17894;13006922
0;17895;13006923
0;17896;13006923
0;17897;13006923
0;17898;13006924
0;17899;13006924
0;17900;13006925
0;17901;13006925
0;17902;13006925
0;17903;13006926
0;17904;13006926
0;17905;13006926
0;17906;13006927
0;17907;13006927
0;17908;13006927
0;17909;13006982
0;17910;13006983
0;17911;13006983
0;17912;13006983
0;17913;13006984
0;17914;13006984
0;17915;13006984
0;17916;13006985
0;17917;13006985
0;17918;13006985
0;17919;13006986
0;17920;13006986
0;17921;13006986
0;17922;13006986
0;17923;13006987
0;17924;13006987
0;17925;13006987
0;17926;13006988
0;17927;13006988
0;17928;13006988
0;17929;13006989
0;17930;13006989
0;17931;13006989
0;17932;13006990
0;17933;13006990
0;17934;13006991
0;17935;13006991
0;17936;13006991
0;17937;13006992
0;17938;13006992
0;17939;13006992
0;17940;13006993
0;17941;13006993
0;17942;13006993
0;17943;13007049
0;17944;13007049
0;17945;13007050
0;17946;13007050
0;17947;13007050
0;17948;13007051
0;17949;13007051
0;17950;13007051
0;17951;13007052
0;17952;13007052
0;17953;13007052
0;17954;13007052
0;17955;13007053
0;17956;13007053
0;17957;13007053
0;17958;13007054
0;17959;13007054
0;17960;13007054
0;17961;13007055
0;17962;13007055
0;17963;13007055
0;17964;13007056
0;17965;13007056
0;17966;13007057
0;17967;13007057
0;17968;13007057
0;17969;13007058
0;17970;13007058
0;17971;13007058
0;17972;13007059
0;17973;13007059
0;17974;13007059
0;17975;13007060
0;17976;13007060
0;17977;13007060
0;17978;13007117
0;17979;13007117
0;17980;13007117
0;17981;13007118
0;17982;13007118
0;17983;13007119
0;17984;13007119
0;17985;13007119
0;17986;13007120
0;17987;13007120
0;17988;13007120
0;17989;13007120
0;17990;13007121
0;17991;13007121
0;17992;13007121
0;17993;13007122
0;17994;13007122
0;17995;13007122
0;17996;13007123
0;17997;13007123
0;17998;13007124
0;17999;13007124
0;18000;13007124
0;18001;13007125
0;18002;13007125
0;18003;13007125
0;18004;13007126
0;18005;13007126
0;18006;13007126
0;18007;13007127
0;18008;13007127
0;18009;13007127
0;18010;13007128
0;18011;13007128
0;18012;13007183
0;18013;13007184
0;18014;13007184
0;18015;13007184
0;18016;13007185
0;18017;13007185
0;18018;13007185
0;18019;13007186
0;18020;13007186
0;18021;13007186
0;18022;13007187
0;18023;13007187
0;18024;13007187
0;18025;13007187
0;18026;13007188
0;18027;13007188
0;18028;13007188
0;18029;13007189
0;18030;13007189
0;18031;13007190
0;18032;13007190
0;18033;13007191
0;18034;13007191
0;18035;13007191
0;18036;13007192
0;18037;13007192
0;18038;13007192
0;18039;13007193
0;18040;13007193
0;18041;13007193
0;18042;13007194
0;18043;13007194
0;18044;13007194
0;18045;13007194
0;18046;13007195
0;18047;13007195
0;18048;13007195
0;18049;13007196
0;18050;13007196
0;18051;13007196
0;18052;13007197
0;18053;13007197
0;18054;13007248
0;18055;13007248
0;18056;13007249
0;18057;13007249
0;18058;13007249
0;18059;13007249
0;18060;13007250
0;18061;13007250
0;18062;13007250
0;18063;13007251
0;18064;13007251
0;18065;13007251
0;18066;13007252
0;18067;13007252
0;18068;13007252
0;18069;13007253
0;18070;13007253
0;18071;13007253
0;18072;13007254
0;18073;13007254
0;18074;13007254
0;18075;13007255
0;18076;13007255
0;18077;13007255
0;18078;13007256
0;18079;13007256
0;18080;13007257
0;18081;13007257
0;18082;13007257
0;18083;13007258
0;18084;13007258
0;18085;13007258
0;18086;13007259
0;18087;13007259
0;18088;13007314
0;18089;13007315
0;18090;13007315
0;18091;13007316
0;18092;13007316
0;18093;13007316
0;18094;13007316
0;18095;13007317
0;18096;13007317
0;18097;13007317
0;18098;13007318
0;18099;13007318
0;18100;13007319
0;18101;13007319
0;18102;13007319
0;18103;13007320
0;18104;13007320
0;18105;13007320
0;18106;13007320
0;18107;13007321
0;18108;13007321
0;18109;13007322
0;18110;13007322
0;18111;13007322
0;18112;13007323
0;18113;13007323
0;18114;13007323
0;18115;13007324
0;18116;13007324
0;18117;13007324
0;18118;13007325
0;18119;13007325
0;18120;13007325
0;18121;13007326
0;18122;13007381
0;18123;13007381
0;18124;13007381
0;18125;13007382
0;18126;13007382
0;18127;13007382
0;18128;13007383
0;18129;13007383
0;18130;13007383
0;18131;13007384
0;18132;13007384
0;18133;13007384
0;18134;13007385
0;18135;13007385
0;18136;13007385
0;18137;13007386
0;18138;13007386
0;18139;13007386
0;18140;13007387
0;18141;13007387
0;18142;13007387
0;18143;13007387
0;18144;13007388
0;18145;13007388
0;18146;13007389
0;18147;13007389
0;18148;13007390
0;18149;13007390
0;18150;13007390
0;18151;13007391
0;18152;13007391
0;18153;13007391
0;18154;13007392
0;18155;13007392
0;18156;13007448
0;18157;13007448
0;18158;13007448
0;18159;13007449
0;18160;13007449
0;18161;13007449
0;18162;13007450
0;18163;13007450
0;18164;13007450
0;18165;13007450
0;18166;13007451
0;18167;13007451
0;18168;13007451
0;18169;13007452
0;18170;13007452
0;18171;13007452
0;18172;13007453
0;18173;13007453
0;18174;13007453
0;18175;13007454
0;18176;13007454
0;18177;13007454
0;18178;13007455
0;18179;13007455
0;18180;13007456
0;18181;13007456
0;18182;13007456
0;18183;13007457
0;18184;13007457
0;18185;13007457
0;18186;13007458
0;18187;13007458
0;18188;13007458
0;18189;13007459
0;18190;13007515
0;18191;13007516
0;18192;13007516
0;18193;13007516
0;18194;13007517
0;18195;13007517
0;18196;13007517
0;18197;13007518
0;18198;13007518
0;18199;13007518
0;18200;13007519
0;18201;13007519
0;18202;13007519
0;18203;13007520
0;18204;13007520
0;18205;13007520
0;18206;13007521
0;18207;13007521
0;18208;13007521
0;18209;13007522
0;18210;13007522
0;18211;13007522
0;18212;13007523
0;18213;13007523
0;18214;13007523
0;18215;13007524
0;18216;13007524
0;18217;13007524
0;18218;13007525
0;18219;13007525
0;18220;13007525
0;18221;13007526
0;18222;13007526
0;18223;13007526
0;18224;13007580
0;18225;13007580
0;18226;13007581
0;18227;13007581
0;18228;13007581
0;18229;13007582
0;18230;13007582
0;18231;13007582
0;18232;13007583
0;18233;13007583
0;18234;13007583
0;18235;13007584
0;18236;13007584
0;18237;13007584
0;18238;13007585
0;18239;13007585
0;18240;13007585
0;18241;13007586
0;18242;13007586
0;18243;13007586
0;18244;13007587
0;18245;13007587
0;18246;13007587
0;18247;13007588
0;18248;13007588
0;18249;13007589
0;18250;13007589
0;18251;13007589
0;18252;13007590
0;18253;13007590
0;18254;13007590
0;18255;13007591
0;18256;13007591
0;18257;13007591
0;18258;13007650
0;18259;13007650
0;18260;13007650
0;18261;13007651
0;18262;13007651
0;18263;13007651
0;18264;13007652
0;18265;13007652
0;18266;13007652
0;18267;13007653
0;18268;13007653
0;18269;13007653
0;18270;13007654
0;18271;13007654
0;18272;13007655
0;18273;13007655
0;18274;13007655
0;18275;13007656
0;18276;13007656
0;18277;13007656
0;18278;13007657
0;18279;13007657
0;18280;13007669
0;18281;13007669
0;18282;13007670
0;18283;13007670
0;18284;13007670
0;18285;13007671
0;18286;13007671
0;18287;13007671
0;18288;13007672
0;18289;13007672
0;18290;13007672
0;18291;13007673
0;18292;13007713
0;18293;13007713
0;18294;13007714
0;18295;13007714
0;18296;13007714
0;18297;13007715
0;18298;13007715
0;18299;13007715
0;18300;13007715
0;18301;13007716
0;18302;13007716
0;18303;13007716
0;18304;13007717
0;18305;13007717
0;18306;13007717
0;18307;13007718
0;18308;13007718
0;18309;13007718
0;18310;13007732
0;18311;13007732
0;18312;13007733
0;18313;13007733
0;18314;13007733
0;18315;13007734
0;18316;13007734
0;18317;13007734
0;18318;13007735
0;18319;13007735
0;18320;13007735
0;18321;13007736
0;18322;13007736
0;18323;13007736
0;18324;13007737
0;18325;13007737
0;18326;13007779
0;18327;13007780
0;18328;13007780
0;18329;13007780
0;18330;13007781
0;18331;13007781
0;18332;13007781
0;18333;13007782
0;18334;13007782
0;18335;13007782
0;18336;13007783
0;18337;13007783
0;18338;13007783
0;18339;13007784
0;18340;13007784
0;18341;13007784
0;18342;13007785
0;18343;13007785
0;18344;13007785
0;18345;13007786
0;18346;13007786
0;18347;13007786
0;18348;13007787
0;18349;13007787
0;18350;13007787
0;18351;13007788
0;18352;13007788
0;18353;13007799
0;18354;13007799
0;18355;13007800
0;18356;13007800
0;18357;13007800
0;18358;13007801
0;18359;13007801
0;18360;13007849
0;18361;13007850
0;18362;13007850
0;18363;13007850
0;18364;13007851
0;18365;13007851
0;18366;13007851
0;18367;13007852
0;18368;13007852
0;18369;13007852
0;18370;13007852
0;18371;13007853
0;18372;13007853
0;18373;13007854
0;18374;13007854
0;18375;13007855
0;18376;13007855
0;18377;13007855
0;18378;13007855
0;18379;13007856
0;18380;13007856
0;18381;13007856
0;18382;13007857
0;18383;13007857
0;18384;13007857
0;18385;13007858
0;18386;13007858
0;18387;13007858
0;18388;13007879
0;18389;13007879
0;18390;13007880
0;18391;13007880
0;18392;13007880
0;18393;13007881
0;18394;13007912
0;18395;13007913
0;18396;13007913
0;18397;13007913
0;18398;13007914
0;18399;13007914
0;18400;13007914
0;18401;13007914
0;18402;13007915
0;18403;13007915
0;18404;13007915
0;18405;13007916
0;18406;13007916
0;18407;13007916
0;18408;13007917
0;18409;13007917
0;18410;13007917
0;18411;13007918
0;18412;13007918
0;18413;13007919
0;18414;13007919
0;18415;13007919
0;18416;13007920
0;18417;13007920
0;18418;13007921
0;18419;13007921
0;18420;13007921
0;18421;13007922
0;18422;13007922
0;18423;13007922
0;18424;13007922
0;18425;13007923
0;18426;13007923
0;18427;13007923
0;18428;13007979
0;18429;13007979
0;18430;13007979
0;18431;13007980
0;18432;13007980
0;18433;13007980
0;18434;13007981
0;18435;13007981
0;18436;13007981
0;18437;13007982
0;18438;13007982
0;18439;13007982
0;18440;13007983
0;18441;13007983
0;18442;13007983
0;18443;13007984
0;18444;13007984
0;18445;13007984
0;18446;13007984
0;18447;13007985
0;18448;13007985
0;18449;13007985
0;18450;13007986
0;18451;13007986
0;18452;13007987
0;18453;13007987
0;18454;13007987
0;18455;13007988
0;18456;13007988
0;18457;13007988
0;18458;13007989
0;18459;13007989
0;18460;13007989
0;18461;13007990
0;18462;13008045
0;18463;13008045
0;18464;13008046
0;18465;13008046
0;18466;13008046
0;18467;13008047
0;18468;13008047
0;18469;13008047
0;18470;13008048
0;18471;13008048
0;18472;13008048
0;18473;13008049
0;18474;13008049
0;18475;13008049
0;18476;13008050
0;18477;13008050
0;18478;13008050
0;18479;13008051
0;18480;13008051
0;18481;13008051
0;18482;13008052
0;18483;13008052
0;18484;13008052
0;18485;13008053
0;18486;13008053
0;18487;13008054
0;18488;13008054
0;18489;13008054
0;18490;13008055
0;18491;13008055
0;18492;13008055
0;18493;13008056
0;18494;13008056
0;18495;13008056
0;18496;13008057
0;18497;13008111
0;18498;13008112
0;18499;13008112
0;18500;13008112
0;18501;13008113
0;18502;13008113
0;18503;13008113
0;18504;13008113
0;18505;13008114
0;18506;13008114
0;18507;13008114
0;18508;13008115
0;18509;13008115
0;18510;13008115
0;18511;13008116
0;18512;13008116
0;18513;13008116
0;18514;13008117
0;18515;13008117
0;18516;13008120
0;18517;13008120
0;18518;13008120
0;18519;13008121
0;18520;13008121
0;18521;13008121
0;18522;13008122
0;18523;13008122
0;18524;13008122
0;18525;13008123
0;18526;13008123
0;18527;13008123
0;18528;13008124
0;18529;13008124
0;18530;13008124
0;18531;13008125
0;18532;13008180
0;18533;13008180
0;18534;13008180
0;18535;13008181
0;18536;13008181
0;18537;13008181
0;18538;13008182
0;18539;13008182
0;18540;13008182
0;18541;13008183
0;18542;13008183
0;18543;13008183
0;18544;13008184
0;18545;13008184
0;18546;13008184
0;18547;13008185
0;18548;13008185
0;18549;13008185
0;18550;13008186
0;18551;13008186
0;18552;13008187
0;18553;13008187
0;18554;13008187
0;18555;13008188
0;18556;13008188
0;18557;13008188
0;18558;13008189
0;18559;13008189
0;18560;13008189
0;18561;13008190
0;18562;13008190
0;18563;13008190
0;18564;13008191
0;18565;13008191
0;18566;13008191
0;18567;13008245
0;18568;13008245
0;18569;13008245
0;18570;13008246
0;18571;13008246
0;18572;13008247
0;18573;13008247
0;18574;13008247
0;18575;13008248
0;18576;13008248
0;18577;13008248
0;18578;13008249
0;18579;13008249
0;18580;13008249
0;18581;13008250
0;18582;13008250
0;18583;13008250
0;18584;13008251
0;18585;13008251
0;18586;13008251
0;18587;13008252
0;18588;13008252
0;18589;13008253
0;18590;13008253
0;18591;13008253
0;18592;13008254
0;18593;13008254
0;18594;13008254
0;18595;13008255
0;18596;13008255
0;18597;13008255
0;18598;13008256
0;18599;13008256
0;18600;13008256
0;18601;13008257
0;18602;13008311
0;18603;13008311
0;18604;13008312
0;18605;13008312
0;18606;13008312
0;18607;13008312
0;18608;13008313
0;18609;13008313
0;18610;13008313
0;18611;13008314
0;18612;13008314
0;18613;13008314
0;18614;13008315
0;18615;13008315
0;18616;13008315
0;18617;13008316
0;18618;13008316
0;18619;13008316
0;18620;13008316
0;18621;13008317
0;18622;13008317
0;18623;13008317
0;18624;13008318
0;18625;13008319
0;18626;13008319
0;18627;13008319
0;18628;13008320
0;18629;13008320
0;18630;13008320
0;18631;13008321
0;18632;13008321
0;18633;13008321
0;18634;13008322
0;18635;13008322
0;18636;13008322
0;18637;13008377
0;18638;13008377
0;18639;13008378
0;18640;13008378
0;18641;13008378
0;18642;13008379
0;18643;13008379
0;18644;13008379
0;18645;13008380
0;18646;13008380
0;18647;13008380
0;18648;13008380
0;18649;13008381
0;18650;13008381
0;18651;13008381
0;18652;13008382
0;18653;13008382
0;18654;13008382
0;18655;13008383
0;18656;13008383
0;18657;13008383
0;18658;13008384
0;18659;13008384
0;18660;13008384
0;18661;13008385
0;18662;13008385
0;18663;13008386
0;18664;13008386
0;18665;13008386
0;18666;13008387
0;18667;13008387
0;18668;13008387
0;18669;13008388
0;18670;13008388
0;18671;13008388
0;18672;13008442
0;18673;13008442
0;18674;13008442
0;18675;13008443
0;18676;13008443
0;18677;13008443
0;18678;13008444
0;18679;13008444
0;18680;13008445
0;18681;13008445
0;18682;13008445
0;18683;13008445
0;18684;13008446
0;18685;13008446
0;18686;13008447
0;18687;13008447
0;18688;13008447
0;18689;13008448
0;18690;13008448
0;18691;13008448
0;18692;13008449
0;18693;13008449
0;18694;13008449
0;18695;13008449
0;18696;13008450
0;18697;13008450
0;18698;13008451
0;18699;13008451
0;18700;13008451
0;18701;13008452
0;18702;13008452
0;18703;13008453
0;18704;13008453
0;18705;13008453
0;18706;13008512
0;18707;13008512
0;18708;13008512
0;18709;13008513
0;18710;13008513
0;18711;13008513
0;18712;13008514
0;18713;13008514
0;18714;13008514
0;18715;13008515
0;18716;13008515
0;18717;13008515
0;18718;13008516
0;18719;13008516
0;18720;13008516
0;18721;13008516
0;18722;13008517
0;18723;13008517
0;18724;13008518
0;18725;13008518
0;18726;13008519
0;18727;13008519
0;18728;13008519
0;18729;13008520
0;18730;13008520
0;18731;13008520
0;18732;13008521
0;18733;13008576
0;18734;13008576
0;18735;13008577
0;18736;13008577
0;18737;13008577
0;18738;13008578
0;18739;13008578
0;18740;13008578
0;18741;13008579
0;18742;13008579
0;18743;13008579
0;18744;13008580
0;18745;13008580
0;18746;13008580
0;18747;13008580
0;18748;13008581
0;18749;13008581
0;18750;13008581
0;18751;13008582
0;18752;13008582
0;18753;13008582
0;18754;13008583
0;18755;13008583
0;18756;13008583
0;18757;13008584
0;18758;13008584
0;18759;13008585
0;18760;13008585
0;18761;13008585
0;18762;13008586
0;18763;13008586
0;18764;13008586
0;18765;13008587
0;18766;13008587
0;18767;13008645
0;18768;13008645
0;18769;13008645
0;18770;13008646
0;18771;13008646
0;18772;13008647
0;18773;13008647
0;18774;13008647
0;18775;13008648
0;18776;13008648
0;18777;13008648
0;18778;13008649
0;18779;13008649
0;18780;13008649
0;18781;13008650
0;18782;13008650
0;18783;13008650
0;18784;13008651
0;18785;13008651
0;18786;13008652
0;18787;13008652
0;18788;13008652
0;18789;13008653
0;18790;13008653
0;18791;13008653
0;18792;13008653
0;18793;13008654
0;18794;13008654
0;18795;13008655
0;18796;13008655
0;18797;13008655
0;18798;13008655
0;18799;13008656
0;18800;13008709
0;18801;13008709
0;18802;13008710
0;18803;13008710
0;18804;13008710
0;18805;13008711
0;18806;13008711
0;18807;13008711
0;18808;13008712
0;18809;13008712
0;18810;13008712
0;18811;13008713
0;18812;13008713
0;18813;13008713
0;18814;13008714
0;18815;13008714
0;18816;13008714
0;18817;13008715
0;18818;13008715
0;18819;13008715
0;18820;13008716
0;18821;13008716
0;18822;13008716
0;18823;13008717
0;18824;13008717
0;18825;13008718
0;18826;13008718
0;18827;13008718
0;18828;13008719
0;18829;13008719
0;18830;13008719
0;18831;13008720
0;18832;13008720
0;18833;13008721
0;18834;13008721
0;18835;13008721
0;18836;13008722
0;18837;13008722
0;18838;13008722
0;18839;13008723
0;18840;13008723
0;18841;13008723
0;18842;13008723
0;18843;13008775
0;18844;13008776
0;18845;13008776
0;18846;13008776
0;18847;13008777
0;18848;13008777
0;18849;13008777
0;18850;13008778
0;18851;13008778
0;18852;13008778
0;18853;13008779
0;18854;13008779
0;18855;13008779
0;18856;13008780
0;18857;13008780
0;18858;13008780
0;18859;13008781
0;18860;13008781
0;18861;13008781
0;18862;13008782
0;18863;13008782
0;18864;13008782
0;18865;13008783
0;18866;13008783
0;18867;13008784
0;18868;13008784
0;18869;13008785
0;18870;13008785
0;18871;13008785
0;18872;13008785
0;18873;13008786
0;18874;13008786
0;18875;13008786
0;18876;13008787
0;18877;13008844
0;18878;13008844
0;18879;13008844
0;18880;13008845
0;18881;13008845
0;18882;13008845
0;18883;13008846
0;18884;13008846
0;18885;13008846
0;18886;13008847
0;18887;13008847
0;18888;13008847
0;18889;13008848
0;18890;13008848
0;18891;13008849
0;18892;13008849
0;18893;13008849
0;18894;13008850
0;18895;13008850
0;18896;13008850
0;18897;13008851
0;18898;13008851
0;18899;13008852
0;18900;13008852
0;18901;13008852
0;18902;13008853
0;18903;13008853
0;18904;13008853
0;18905;13008853
0;18906;13008854
0;18907;13008854
0;18908;13008854
0;18909;13008855
0;18910;13008855
0;18911;13008908
0;18912;13008909
0;18913;13008909
0;18914;13008909
0;18915;13008909
0;18916;13008910
0;18917;13008910
0;18918;13008910
0;18919;13008911
0;18920;13008911
0;18921;13008911
0;18922;13008912
0;18923;13008912
0;18924;13008912
0;18925;13008913
0;18926;13008913
0;18927;13008913
0;18928;13008914
0;18929;13008914
0;18930;13008914
0;18931;13008915
0;18932;13008915
0;18933;13008915
0;18934;13008915
0;18935;13008916
0;18936;13008916
0;18937;13008917
0;18938;13008917
0;18939;13008917
0;18940;13008918
0;18941;13008918
0;18942;13008924
0;18943;13008925
0;18944;13008925
0;18945;13008975
0;18946;13008975
0;18947;13008975
0;18948;13008976
0;18949;13008976
0;18950;13008976
0;18951;13008977
0;18952;13008977
0;18953;13008977
0;18954;13008977
0;18955;13008978
0;18956;13008978
0;18957;13008979
0;18958;13008979
0;18959;13008979
0;18960;13008979
0;18961;13008980
0;18962;13008980
0;18963;13008980
0;18964;13008981
0;18965;13008981
0;18966;13008981
0;18967;13008982
0;18968;13008982
0;18969;13008983
0;18970;13008983
0;18971;13008983
0;18972;13008984
0;18973;13008984
0;18974;13008984
0;18975;13008985
0;18976;13008985
0;18977;13008985
0;18978;13009041
0;18979;13009042
0;18980;13009042
0;18981;13009042
0;18982;13009043
0;18983;13009043
0;18984;13009043
0;18985;13009043
0;18986;13009044
0;18987;13009044
0;18988;13009044
0;18989;13009045
0;18990;13009045
0;18991;13009045
0;18992;13009046
0;18993;13009046
0;18994;13009046
0;18995;13009047
0;18996;13009047
0;18997;13009048
0;18998;13009048
0;18999;13009048
0;19000;13009049
0;19001;13009049
0;19002;13009050
0;19003;13009050
0;19004;13009050
0;19005;13009051
0;19006;13009051
0;19007;13009051
0;19008;13009052
0;19009;13009052
0;19010;13009052
0;19011;13009109
0;19012;13009110
0;19013;13009110
0;19014;13009111
0;19015;13009111
0;19016;13009111
0;19017;13009112
0;19018;13009112
0;19019;13009112
0;19020;13009112
0;19021;13009113
0;19022;13009113
0;19023;13009113
0;19024;13009114
0;19025;13009114
0;19026;13009114
0;19027;13009115
0;19028;13009115
0;19029;13009115
0;19030;13009116
0;19031;13009116
0;19032;13009117
0;19033;13009117
0;19034;13009117
0;19035;13009118
0;19036;13009118
0;19037;13009118
0;19038;13009119
0;19039;13009119
0;19040;13009119
0;19041;13009120
0;19042;13009120
0;19043;13009120
0;19044;13009176
0;19045;13009177
0;19046;13009177
0;19047;13009177
0;19048;13009178
0;19049;13009178
0;19050;13009178
0;19051;13009179
0;19052;13009179
0;19053;13009179
0;19054;13009180
0;19055;13009180
0;19056;13009180
0;19057;13009181
0;19058;13009181
0;19059;13009181
0;19060;13009182
0;19061;13009182
0;19062;13009183
0;19063;13009183
0;19064;13009183
0;19065;13009184
0;19066;13009184
0;19067;13009184
0;19068;13009185
0;19069;13009185
0;19070;13009185
0;19071;13009186
0;19072;13009186
0;19073;13009186
0;19074;13009186
0;19075;13009187
0;19076;13009187
0;19077;13009187
0;19078;13009188
0;19079;13009188
0;19080;13009188
0;19081;13009189
0;19082;13009189
0;19083;13009189
0;19084;13009190
0;19085;13009190
0;19086;13009190
0;19087;13009191
0;19088;13009240
0;19089;13009241
0;19090;13009241
0;19091;13009241
0;19092;13009242
0;19093;13009242
0;19094;13009242
0;19095;13009242
0;19096;13009243
0;19097;13009243
0;19098;13009243
0;19099;13009244
0;19100;13009244
0;19101;13009244
0;19102;13009245
0;19103;13009245
0;19104;13009245
0;19105;13009246
0;19106;13009246
0;19107;13009246
0;19108;13009247
0;19109;13009247
0;19110;13009247
0;19111;13009248
0;19112;13009248
0;19113;13009248
0;19114;13009249
0;19115;13009249
0;19116;13009250
0;19117;13009250
0;19118;13009250
0;19119;13009251
0;19120;13009251
0;19121;13009251
0;19122;13009252
0;19123;13009307
0;19124;13009307
0;19125;13009307
0;19126;13009308
0;19127;13009308
0;19128;13009308
0;19129;13009309
0;19130;13009309
0;19131;13009309
0;19132;13009310
0;19133;13009310
0;19134;13009310
0;19135;13009311
0;19136;13009311
0;19137;13009311
0;19138;13009312
0;19139;13009312
0;19140;13009312
0;19141;13009313
0;19142;13009313
0;19143;13009313
0;19144;13009313
0;19145;13009314
0;19146;13009314
0;19147;13009315
0;19148;13009315
0;19149;13009315
0;19150;13009316
0;19151;13009316
0;19152;13009316
0;19153;13009317
0;19154;13009317
0;19155;13009317
0;19156;13009318
0;19157;13009375
0;19158;13009375
0;19159;13009376
0;19160;13009376
0;19161;13009376
0;19162;13009377
0;19163;13009377
0;19164;13009377
0;19165;13009378
0;19166;13009378
0;19167;13009378
0;19168;13009379
0;19169;13009379
0;19170;13009379
0;19171;13009380
0;19172;13009380
0;19173;13009380
0;19174;13009381
0;19175;13009381
0;19176;13009381
0;19177;13009382
0;19178;13009382
0;19179;13009383
0;19180;13009383
0;19181;13009383
0;19182;13009384
0;19183;13009384
0;19184;13009384
0;19185;13009384
0;19186;13009385
0;19187;13009385
0;19188;13009385
0;19189;13009386
0;19190;13009440
0;19191;13009441
0;19192;13009441
0;19193;13009441
0;19194;13009442
0;19195;13009442
0;19196;13009442
0;19197;13009443
0;19198;13009443
0;19199;13009443
0;19200;13009443
0;19201;13009444
0;19202;13009444
0;19203;13009444
0;19204;13009445
0;19205;13009445
0;19206;13009445
0;19207;13009446
0;19208;13009446
0;19209;13009446
0;19210;13009447
0;19211;13009447
0;19212;13009448
0;19213;13009448
0;19214;13009449
0;19215;13009449
0;19216;13009449
0;19217;13009450
0;19218;13009450
0;19219;13009450
0;19220;13009451
0;19221;13009451
0;19222;13009451
0;19223;13009452
0;19224;13009452
0;19225;13009452
0;19226;13009453
0;19227;13009453
0;19228;13009453
0;19229;13009454
0;19230;13009454
0;19231;13009454
0;19232;13009455
0;19233;13009508
0;19234;13009508
0;19235;13009509
0;19236;13009509
0;19237;13009509
0;19238;13009510
0;19239;13009510
0;19240;13009510
0;19241;13009511
0;19242;13009511
0;19243;13009511
0;19244;13009512
0;19245;13009512
0;19246;13009512
0;19247;13009512
0;19248;13009513
0;19249;13009513
0;19250;13009514
0;19251;13009514
0;19252;13009514
0;19253;13009515
0;19254;13009515
0;19255;13009515
0;19256;13009516
0;19257;13009516
0;19258;13009516
0;19259;13009517
0;19260;13009517
0;19261;13009517
0;19262;13009518
0;19263;13009518
0;19264;13009518
0;19265;13009519
0;19266;13009519
0;19267;13009519
0;19268;13009572
0;19269;13009572
0;19270;13009573
0;19271;13009573
0;19272;13009573
0;19273;13009574
0;19274;13009574
0;19275;13009574
0;19276;13009575
0;19277;13009575
0;19278;13009575
0;19279;13009576
0;19280;13009576
0;19281;13009576
0;19282;13009577
0;19283;13009577
0;19284;13009577
0;19285;13009578
0;19286;13009578
0;19287;13009578
0;19288;13009579
0;19289;13009579
0;19290;13009579
0;19291;13009580
0;19292;13009580
0;19293;13009580
0;19294;13009581
0;19295;13009581
0;19296;13009582
0;19297;13009582
0;19298;13009583
0;19299;13009583
0;19300;13009583
0;19301;13009584
0;19302;13009641
0;19303;13009641
0;19304;13009641
0;19305;13009642
0;19306;13009642
0;19307;13009642
0;19308;13009643
0;19309;13009643
0;19310;13009643
0;19311;13009643
0;19312;13009644
0;19313;13009644
0;19314;13009644
0;19315;13009645
0;19316;13009645
0;19317;13009645
0;19318;13009646
0;19319;13009646
0;19320;13009647
0;19321;13009647
0;19322;13009647
0;19323;13009648
0;19324;13009648
0;19325;13009649
0;19326;13009649
0;19327;13009649
0;19328;13009649
0;19329;13009650
0;19330;13009650
0;19331;13009650
0;19332;13009651
0;19333;13009651
0;19334;13009652
0;19335;13009705
0;19336;13009705
0;19337;13009706
0;19338;13009706
0;19339;13009706
0;19340;13009707
0;19341;13009707
0;19342;13009707
0;19343;13009708
0;19344;13009708
0;19345;13009708
0;19346;13009709
0;19347;13009709
0;19348;13009709
0;19349;13009710
0;19350;13009710
0;19351;13009710
0;19352;13009711
0;19353;13009711
0;19354;13009711
0;19355;13009712
0;19356;13009712
0;19357;13009712
0;19358;13009713
0;19359;13009713
0;19360;13009714
0;19361;13009714
0;19362;13009714
0;19363;13009715
0;19364;13009715
0;19365;13009715
0;19366;13009715
0;19367;13009716
0;19368;13009716
0;19369;13009716
0;19370;13009717
0;19371;13009717
0;19372;13009717
0;19373;13009718
0;19374;13009718
0;19375;13009719
0;19376;13009719
0;19377;13009772
0;19378;13009772
0;19379;13009772
0;19380;13009773
0;19381;13009773
0;19382;13009773
0;19383;13009774
0;19384;13009774
0;19385;13009774
0;19386;13009775
0;19387;13009775
0;19388;13009775
0;19389;13009776
0;19390;13009776
0;19391;13009776
0;19392;13009776
0;19393;13009777
0;19394;13009777
0;19395;13009778
0;19396;13009778
0;19397;13009778
0;19398;13009779
0;19399;13009779
0;19400;13009779
0;19401;13009780
0;19402;13009780
0;19403;13009781
0;19404;13009781
0;19405;13009781
0;19406;13009782
0;19407;13009782
0;19408;13009782
0;19409;13009783
0;19410;13009855
0;19411;13009856
0;19412;13009856
0;19413;13009856
0;19414;13009857
0;19415;13009857
0;19416;13009857
0;19417;13009858
0;19418;13009858
0;19419;13009858
0;19420;13009859
0;19421;13009859
0;19422;13009859
0;19423;13009860
0;19424;13009860
0;19425;13009860
0;19426;13009861
0;19427;13009861
0;19428;13009861
0;19429;13009862
0;19430;13009862
0;19431;13009862
0;19432;13009863
0;19433;13009863
0;19434;13009863
0;19435;13009864
0;19436;13009864
0;19437;13009864
0;19438;13009865
0;19439;13009865
0;19440;13009865
0;19441;13009866
0;19442;13009866
0;19443;13009866
0;19444;13009867
0;19445;13009910
0;19446;13009910
0;19447;13009911
0;19448;13009911
0;19449;13009911
0;19450;13009912
0;19451;13009912
0;19452;13009912
0;19453;13009913
0;19454;13009913
0;19455;13009913
0;19456;13009914
0;19457;13009914
0;19458;13009914
0;19459;13009915
0;19460;13009915
0;19461;13009915
0;19462;13009916
0;19463;13009916
0;19464;13009916
0;19465;13009917
0;19466;13009917
0;19467;13009917
0;19468;13009918
0;19469;13009918
0;19470;13009918
0;19471;13009919
0;19472;13009919
0;19473;13009919
0;19474;13009920
0;19475;13009920
0;19476;13009920
0;19477;13009921
0;19478;13009921
0;19479;13009921
0;19480;13009922
0;19481;13009922
0;19482;13009922
0;19483;13009922
0;19484;13009923
0;19485;13009923
0;19486;13009923
0;19487;13009924
0;19488;13009924
0;19489;13009924
0;19490;13009925
0;19491;13009925
0;19492;13009925
0;19493;13009926
0;19494;13009926
0;19495;13009927
0;19496;13009927
0;19497;13009927
0;19498;13009928
0;19499;13009928
0;19500;13009929
0;19501;13009929
0;19502;13009929
0;19503;13009930
0;19504;13009930
0;19505;13009930
0;19506;13009930
0;19507;13009931
0;19508;13009931
0;19509;13009931
0;19510;13009932
0;19511;13009932
0;19512;13009932
0;19513;13009933
0;19514;13009933
0;19515;13009933
0;19516;13009934
0;19517;13009934
0;19518;13009934
0;19519;13009935
0;19520;13009935
0;19521;13009935
0;19522;13009936
0;19523;13009936
0;19524;13009936
0;19525;13009937
0;19526;13009937
0;19527;13009937
0;19528;13009937
0;19529;13009938
0;19530;13009938
0;19531;13009938
0;19532;13009939
0;19533;13009939
0;19534;13009939
0;19535;13009940
0;19536;13009940
0;19537;13009941
0;19538;13009941
0;19539;13009942
0;19540;13009942
0;19541;13009942
0;19542;13009943
0;19543;13009943
0;19544;13009943
0;19545;13009944
0;19546;13009944
0;19547;13009944
0;19548;13009945
0;19549;13009945
0;19550;13009945
0;19551;13009946
0;19552;13009946
0;19553;13009946
0;19554;13009947
0;19555;13009947
0;19556;13009947
0;19557;13009948
0;19558;13009948
0;19559;13009949
0;19560;13009949
0;19561;13009949
0;19562;13009950
0;19563;13009950
0;19564;13009950
0;19565;13009951
0;19566;13009951
0;19567;13009971
0;19568;13009971
0;19569;13009972
0;19570;13009972
0;19571;13009972
0;19572;13009973
0;19573;13009973
0;19574;13009973
0;19575;13009974
0;19576;13009974
0;19577;13009974
0;19578;13009975
0;19579;13009975
0;19580;13009975
0;19581;13009976
0;19582;13009976
0;19583;13009976
0;19584;13009977
0;19585;13009977
0;19586;13009977
0;19587;13009978
0;19588;13009978
0;19589;13009979
0;19590;13009979
0;19591;13009980
0;19592;13009980
0;19593;13009980
0;19594;13009980
0;19595;13009981
0;19596;13009981
0;19597;13009981
0;19598;13009982
0;19599;13009982
0;19600;13009982
0;19601;13009983
0;19602;13009983
0;19603;13009983
0;19604;13009984
0;19605;13009984
0;19606;13009984
0;19607;13009985
0;19608;13009985
0;19609;13009985
0;19610;13009986
0;19611;13009986
0;19612;13009986
0;19613;13009987
0;19614;13009987
0;19615;13009987
0;19616;13009988
0;19617;13009988
0;19618;13009988
0;19619;13009989
0;19620;13009989
0;19621;13009989
0;19622;13009989
0;19623;13009990
0;19624;13009990
0;19625;13009991
0;19626;13009991
0;19627;13010035
0;19628;13010035
0;19629;13010035
0;19630;13010036
0;19631;13010036
0;19632;13010036
0;19633;13010037
0;19634;13010037
0;19635;13010037
0;19636;13010037
0;19637;13010038
0;19638;13010038
0;19639;13010039
0;19640;13010039
0;19641;13010040
0;19642;13010040
0;19643;13010040
0;19644;13010041
0;19645;13010041
0;19646;13010041
0;19647;13010041
0;19648;13010042
0;19649;13010042
0;19650;13010042
0;19651;13010043
0;19652;13010043
0;19653;13010043
0;19654;13010044
0;19655;13010044
0;19656;13010044
0;19657;13010045
0;19658;13010045
0;19659;13010045
0;19660;13010046
0;19661;13010046
0;19662;13010101
0;19663;13010102
0;19664;13010102
0;19665;13010102
0;19666;13010103
0;19667;13010103
0;19668;13010103
0;19669;13010109
0;19670;13010109
0;19671;13010110
0;19672;13010110
0;19673;13010110
0;19674;13010111
0;19675;13010111
0;19676;13010111
0;19677;13010112
0;19678;13010112
0;19679;13010113
0;19680;13010113
0;19681;13010113
0;19682;13010113
0;19683;13010114
0;19684;13010170
0;19685;13010170
0;19686;13010170
0;19687;13010171
0;19688;13010171
0;19689;13010171
0;19690;13010171
0;19691;13010172
0;19692;13010172
0;19693;13010172
0;19694;13010173
0;19695;13010173
0;19696;13010173
0;19697;13010174
0;19698;13010174
0;19699;13010174
0;19700;13010175
0;19701;13010175
0;19702;13010175
0;19703;13010176
0;19704;13010176
0;19705;13010176
0;19706;13010235
0;19707;13010236
0;19708;13010236
0;19709;13010236
0;19710;13010237
0;19711;13010237
0;19712;13010237
0;19713;13010237
0;19714;13010238
0;19715;13010238
0;19716;13010239
0;19717;13010239
0;19718;13010239
0;19719;13010239
0;19720;13010240
0;19721;13010240
0;19722;13010240
0;19723;13010241
0;19724;13010241
0;19725;13010241
0;19726;13010242
0;19727;13010242
0;19728;13010301
0;19729;13010302
0;19730;13010302
0;19731;13010302
0;19732;13010303
0;19733;13010303
0;19734;13010303
0;19735;13010304
0;19736;13010304
0;19737;13010304
0;19738;13010305
0;19739;13010305
0;19740;13010305
0;19741;13010306
0;19742;13010306
0;19743;13010306
0;19744;13010307
0;19745;13010307
0;19746;13010307
0;19747;13010308
0;19748;13010308
0;19749;13010308
0;19750;13010309
0;19751;13010309
0;19752;13010309
0;19753;13010309
0;19754;13010310
0;19755;13010369
0;19756;13010370
0;19757;13010370
0;19758;13010370
0;19759;13010370
0;19760;13010371
0;19761;13010371
0;19762;13010371
0;19763;13010372
0;19764;13010372
0;19765;13010372
0;19766;13010373
0;19767;13010373
0;19768;13010373
0;19769;13010374
0;19770;13010374
0;19771;13010374
0;19772;13010375
0;19773;13010375
0;19774;13010375
0;19775;13010375
0;19776;13010376
0;19777;13010380
0;19778;13010381
0;19779;13010381
0;19780;13010381
0;19781;13010434
0;19782;13010434
0;19783;13010435
0;19784;13010435
0;19785;13010435
0;19786;13010436
0;19787;13010436
0;19788;13010436
0;19789;13010436
0;19790;13010437
0;19791;13010437
0;19792;13010437
0;19793;13010438
0;19794;13010438
0;19795;13010438
0;19796;13010439
0;19797;13010439
0;19798;13010439
0;19799;13010440
0;19800;13010440
0;19801;13010440
0;19802;13010441
0;19803;13010441
0;19804;13010441
0;19805;13010442
0;19806;13010442
0;19807;13010442
0;19808;13010442
0;19809;13010443
0;19810;13010443
0;19811;13010444
0;19812;13010444
0;19813;13010444
0;19814;13010504
0;19815;13010504
0;19816;13010504
0;19817;13010505
0;19818;13010505
0;19819;13010505
0;19820;13010517
0;19821;13010517
0;19822;13010518
0;19823;13010518
0;19824;13010519
0;19825;13010519
0;19826;13010519
0;19827;13010520
0;19828;13010520
0;19829;13010520
0;19830;13010521
0;19831;13010521
0;19832;13010521
0;19833;13010522
0;19834;13010522
0;19835;13010522
0;19836;13010523
0;19837;13010523
0;19838;13010523
0;19839;13010524
0;19840;13010569
0;19841;13010569
0;19842;13010569
0;19843;13010570
0;19844;13010570
0;19845;13010570
0;19846;13010571
0;19847;13010571
0;19848;13010571
0;19849;13010571
0;19850;13010572
0;19851;13010572
0;19852;13010572
0;19853;13010573
0;19854;13010573
0;19855;13010573
0;19856;13010574
0;19857;13010574
0;19858;13010574
0;19859;13010575
0;19860;13010575
0;19861;13010575
0;19862;13010576
0;19863;13010576
0;19864;13010577
0;19865;13010577
0;19866;13010577
0;19867;13010578
0;19868;13010578
0;19869;13010578
0;19870;13010579
0;19871;13010579
0;19872;13010579
0;19873;13010635
0;19874;13010636
0;19875;13010636
0;19876;13010636
0;19877;13010637
0;19878;13010637
0;19879;13010637
0;19880;13010638
0;19881;13010638
0;19882;13010638
0;19883;13010639
0;19884;13010639
0;19885;13010639
0;19886;13010640
0;19887;13010640
0;19888;13010640
0;19889;13010641
0;19890;13010641
0;19891;13010641
0;19892;13010642
0;19893;13010642
0;19894;13010642
0;19895;13010643
0;19896;13010643
0;19897;13010644
0;19898;13010644
0;19899;13010644
0;19900;13010645
0;19901;13010645
0;19902;13010645
0;19903;13010645
0;19904;13010646
0;19905;13010646
0;19906;13010701
0;19907;13010701
0;19908;13010701
0;19909;13010701
0;19910;13010702
0;19911;13010702
0;19912;13010702
0;19913;13010703
0;19914;13010703
0;19915;13010703
0;19916;13010704
0;19917;13010704
0;19918;13010704
0;19919;13010705
0;19920;13010705
0;19921;13010705
0;19922;13010706
0;19923;13010706
0;19924;13010706
0;19925;13010718
0;19926;13010719
0;19927;13010719
0;19928;13010720
0;19929;13010720
0;19930;13010720
0;19931;13010721
0;19932;13010721
0;19933;13010721
0;19934;13010722
0;19935;13010722
0;19936;13010722
0;19937;13010723
0;19938;13010723
0;19939;13010723
0;19940;13010724
0;19941;13010767
0;19942;13010768
0;19943;13010768
0;19944;13010768
0;19945;13010769
0;19946;13010769
0;19947;13010769
0;19948;13010770
0;19949;13010770
0;19950;13010770
0;19951;13010771
0;19952;13010771
0;19953;13010771
0;19954;13010772
0;19955;13010772
0;19956;13010772
0;19957;13010772
0;19958;13010773
0;19959;13010773
0;19960;13010773
0;19961;13010774
0;19962;13010774
0;19963;13010774
0;19964;13010775
0;19965;13010775
0;19966;13010776
0;19967;13010776
0;19968;13010776
0;19969;13010777
0;19970;13010777
0;19971;13010777
0;19972;13010836
0;19973;13010836
0;19974;13010837
0;19975;13010837
0;19976;13010837
0;19977;13010838
0;19978;13010838
0;19979;13010838
0;19980;13010848
0;19981;13010848
0;19982;13010848
0;19983;13010849
0;19984;13010849
0;19985;13010849
0;19986;13010850
0;19987;13010850
0;19988;13010850
0;19989;13010851
0;19990;13010851
0;19991;13010851
0;19992;13010852
0;19993;13010852
0;19994;13010852
0;19995;13010852
0;19996;13010853
0;19997;13010853
0;19998;13010853
0;19999;13010854
0;20000;13010854
0;20001;13010855
0;20002;13010855
0;20003;13010901
0;20004;13010901
0;20005;13010901
0;20006;13010902
0;20007;13010902
0;20008;13010902
0;20009;13010903
0;20010;13010903
0;20011;13010903
0;20012;13010903
0;20013;13010904
0;20014;13010904
0;20015;13010904
0;20016;13010905
0;20017;13010905
0;20018;13010906
0;20019;13010906
0;20020;13010906
0;20021;13010907
0;20022;13010907
0;20023;13010907
0;20024;13010908
0;20025;13010909
0;20026;13010909
0;20027;13010909
0;20028;13010910
0;20029;13010910
0;20030;13010910
0;20031;13010911
0;20032;13010911
0;20033;13010911
0;20034;13010912
0;20035;13010912
0;20036;13010912
0;20037;13010967
0;20038;13010967
0;20039;13010967
0;20040;13010968
0;20041;13010968
0;20042;13010968
0;20043;13010969
0;20044;13010969
0;20045;13010969
0;20046;13010970
0;20047;13010970
0;20048;13010970
0;20049;13010971
0;20050;13010971
0;20051;13010971
0;20052;13010972
0;20053;13010972
0;20054;13010972
0;20055;13010972
0;20056;13010973
0;20057;13010973
0;20058;13010973
0;20059;13010974
0;20060;13010974
0;20061;13010974
0;20062;13010975
0;20063;13010975
0;20064;13010976
0;20065;13010976
0;20066;13010976
0;20067;13010977
0;20068;13010977
0;20069;13010977
0;20070;13010978
0;20071;13011034
0;20072;13011035
0;20073;13011035
0;20074;13011035
0;20075;13011035
0;20076;13011036
0;20077;13011036
0;20078;13011036
0;20079;13011037
0;20080;13011037
0;20081;13011037
0;20082;13011038
0;20083;13011038
0;20084;13011038
0;20085;13011039
0;20086;13011039
0;20087;13011040
0;20088;13011040
0;20089;13011040
0;20090;13011041
0;20091;13011041
0;20092;13011041
0;20093;13011042
0;20094;13011042
0;20095;13011043
0;20096;13011043
0;20097;13011043
0;20098;13011044
0;20099;13011044
0;20100;13011044
0;20101;13011044
0;20102;13011045
0;20103;13011045
0;20104;13011045
0;20105;13011099
0;20106;13011099
0;20107;13011099
0;20108;13011099
0;20109;13011100
0;20110;13011100
0;20111;13011100
0;20112;13011101
0;20113;13011101
0;20114;13011101
0;20115;13011102
0;20116;13011102
0;20117;13011102
0;20118;13011103
0;20119;13011103
0;20120;13011103
0;20121;13011104
0;20122;13011104
0;20123;13011104
0;20124;13011105
0;20125;13011105
0;20126;13011105
0;20127;13011106
0;20128;13011106
0;20129;13011106
0;20130;13011106
0;20131;13011107
0;20132;13011107
0;20133;13011108
0;20134;13011108
0;20135;13011108
0;20136;13011109
0;20137;13011109
0;20138;13011110
0;20139;13011110
0;20140;13011110
0;20141;13011111
0;20142;13011168
0;20143;13011169
0;20144;13011169
0;20145;13011169
0;20146;13011170
0;20147;13011170
0;20148;13011170
0;20149;13011171
0;20150;13011171
0;20151;13011171
0;20152;13011172
0;20153;13011172
0;20154;13011172
0;20155;13011172
0;20156;13011173
0;20157;13011173
0;20158;13011173
0;20159;13011174
0;20160;13011174
0;20161;13011175
0;20162;13011175
0;20163;13011176
0;20164;13011176
0;20165;13011176
0;20166;13011176
0;20167;13011177
0;20168;13011177
0;20169;13011177
0;20170;13011178
0;20171;13011233
0;20172;13011233
0;20173;13011233
0;20174;13011234
0;20175;13011234
0;20176;13011235
0;20177;13011235
0;20178;13011235
0;20179;13011235
0;20180;13011236
0;20181;13011236
0;20182;13011236
0;20183;13011237
0;20184;13011237
0;20185;13011237
0;20186;13011238
0;20187;13011238
0;20188;13011238
0;20189;13011239
0;20190;13011239
0;20191;13011239
0;20192;13011240
0;20193;13011240
0;20194;13011240
0;20195;13011241
0;20196;13011241
0;20197;13011242
0;20198;13011242
0;20199;13011242
0;20200;13011243
0;20201;13011243
0;20202;13011243
0;20203;13011243
0;20204;13011244
0;20205;13011244
0;20206;13011309
0;20207;13011309
0;20208;13011309
0;20209;13011310
0;20210;13011310
0;20211;13011311
0;20212;13011311
0;20213;13011311
0;20214;13011312
0;20215;13011312
0;20216;13011312
0;20217;13011313
0;20218;13011313
0;20219;13011313
0;20220;13011314
0;20221;13011314
0;20222;13011314
0;20223;13011315
0;20224;13011315
0;20225;13011315
0;20226;13011315
0;20227;13011316
0;20228;13011316
0;20229;13011316
0;20230;13011317
0;20231;13011317
0;20232;13011317
0;20233;13011318
0;20234;13011318
0;20235;13011326
0;20236;13011327
0;20237;13011327
0;20238;13011327
0;20239;13011365
0;20240;13011365
0;20241;13011366
0;20242;13011366
0;20243;13011366
0;20244;13011367
0;20245;13011367
0;20246;13011367
0;20247;13011367
0;20248;13011368
0;20249;13011368
0;20250;13011369
0;20251;13011369
0;20252;13011369
0;20253;13011370
0;20254;13011370
0;20255;13011370
0;20256;13011371
0;20257;13011371
0;20258;13011371
0;20259;13011372
0;20260;13011372
0;20261;13011372
0;20262;13011373
0;20263;13011373
0;20264;13011373
0;20265;13011374
0;20266;13011374
0;20267;13011375
0;20268;13011375
0;20269;13011375
0;20270;13011376
0;20271;13011376
0;20272;13011432
0;20273;13011432
0;20274;13011433
0;20275;13011433
0;20276;13011433
0;20277;13011434
0;20278;13011434
0;20279;13011434
0;20280;13011434
0;20281;13011435
0;20282;13011435
0;20283;13011435
0;20284;13011436
0;20285;13011436
0;20286;13011436
0;20287;13011437
0;20288;13011437
0;20289;13011437
0;20290;13011438
0;20291;13011438
0;20292;13011438
0;20293;13011439
0;20294;13011439
0;20295;13011440
0;20296;13011440
0;20297;13011440
0;20298;13011441
0;20299;13011441
0;20300;13011441
0;20301;13011442
0;20302;13011442
0;20303;13011500
0;20304;13011500
0;20305;13011500
0;20306;13011500
0;20307;13011501
0;20308;13011501
0;20309;13011501
0;20310;13011502
0;20311;13011502
0;20312;13011502
0;20313;13011503
0;20314;13011503
0;20315;13011503
0;20316;13011504
0;20317;13011504
0;20318;13011504
0;20319;13011505
0;20320;13011505
0;20321;13011505
0;20322;13011505
0;20323;13011506
0;20324;13011506
0;20325;13011507
0;20326;13011507
0;20327;13011507
0;20328;13011508
0;20329;13011508
0;20330;13011508
0;20331;13011509
0;20332;13011509
0;20333;13011509
0;20334;13011566
0;20335;13011566
0;20336;13011566
0;20337;13011567
0;20338;13011567
0;20339;13011567
0;20340;13011568
0;20341;13011568
0;20342;13011568
0;20343;13011569
0;20344;13011569
0;20345;13011569
0;20346;13011570
0;20347;13011570
0;20348;13011570
0;20349;13011571
0;20350;13011571
0;20351;13011571
0;20352;13011572
0;20353;13011572
0;20354;13011572
0;20355;13011573
0;20356;13011573
0;20357;13011574
0;20358;13011574
0;20359;13011574
0;20360;13011575
0;20361;13011575
0;20362;13011575
0;20363;13011575
0;20364;13011632
0;20365;13011633
0;20366;13011633
0;20367;13011633
0;20368;13011634
0;20369;13011634
0;20370;13011634
0;20371;13011635
0;20372;13011635
0;20373;13011635
0;20374;13011636
0;20375;13011636
0;20376;13011636
0;20377;13011637
0;20378;13011637
0;20379;13011637
0;20380;13011638
0;20381;13011638
0;20382;13011638
0;20383;13011639
0;20384;13011639
0;20385;13011640
0;20386;13011640
0;20387;13011641
0;20388;13011641
0;20389;13011641
0;20390;13011641
0;20391;13011642
0;20392;13011642
0;20393;13011642
0;20394;13011643
0;20395;13011643
0;20396;13011643
0;20397;13011644
0;20398;13011644
0;20399;13011644
0;20400;13011645
0;20401;13011645
0;20402;13011697
0;20403;13011698
0;20404;13011698
0;20405;13011698
0;20406;13011699
0;20407;13011699
0;20408;13011699
0;20409;13011699
0;20410;13011709
0;20411;13011709
0;20412;13011710
0;20413;13011710
0;20414;13011710
0;20415;13011711
0;20416;13011711
0;20417;13011711
0;20418;13011711
0;20419;13011712
0;20420;13011712
0;20421;13011713
0;20422;13011713
0;20423;13011713
0;20424;13011714
0;20425;13011714
0;20426;13011714
0;20427;13011714
0;20428;13011715
0;20429;13011715
0;20430;13011715
0;20431;13011716
0;20432;13011716
0;20433;13011716
0;20434;13011717
0;20435;13011717
0;20436;13011717
0;20437;13011718
0;20438;13011718
0;20439;13011718
0;20440;13011729
0;20441;13011729
0;20442;13011730
0;20443;13011764
0;20444;13011764
0;20445;13011764
0;20446;13011764
0;20447;13011765
0;20448;13011765
0;20449;13011765
0;20450;13011766
0;20451;13011766
0;20452;13011766
0;20453;13011767
0;20454;13011767
0;20455;13011767
0;20456;13011768
0;20457;13011768
0;20458;13011768
0;20459;13011769
0;20460;13011769
0;20461;13011769
0;20462;13011770
0;20463;13011770
0;20464;13011770
0;20465;13011771
0;20466;13011771
0;20467;13011771
0;20468;13011772
0;20469;13011772
0;20470;13011773
0;20471;13011773
0;20472;13011773
0;20473;13011774
0;20474;13011774
0;20475;13011774
0;20476;13011834
0;20477;13011835
0;20478;13011835
0;20479;13011835
0;20480;13011835
0;20481;13011836
0;20482;13011836
0;20483;13011836
0;20484;13011837
0;20485;13011837
0;20486;13011837
0;20487;13011838
0;20488;13011838
0;20489;13011839
0;20490;13011839
0;20491;13011840
0;20492;13011840
0;20493;13011840
0;20494;13011841
0;20495;13011841
0;20496;13011841
0;20497;13011842
0;20498;13011842
0;20499;13011842
0;20500;13011843
0;20501;13011843
0;20502;13011843
0;20503;13011844
0;20504;13011844
0;20505;13011844
0;20506;13011845
0;20507;13011845
0;20508;13011898
0;20509;13011898
0;20510;13011899
0;20511;13011899
0;20512;13011899
0;20513;13011899
0;20514;13011900
0;20515;13011900
0;20516;13011900
0;20517;13011901
0;20518;13011901
0;20519;13011901
0;20520;13011902
0;20521;13011902
0;20522;13011902
0;20523;13011903
0;20524;13011903
0;20525;13011903
0;20526;13011904
0;20527;13011904
0;20528;13011904
0;20529;13011905
0;20530;13011905
0;20531;13011906
0;20532;13011906
0;20533;13011906
0;20534;13011907
0;20535;13011907
0;20536;13011907
0;20537;13011908
0;20538;13011908
0;20539;13011908
0;20540;13011909
0;20541;13011909
0;20542;13011909
0;20543;13011910
0;20544;13011910
0;20545;13011910
0;20546;13011965
0;20547;13011965
0;20548;13011965
0;20549;13011966
0;20550;13011966
0;20551;13011966
0;20552;13011966
0;20553;13011967
0;20554;13011967
0;20555;13011967
0;20556;13011968
0;20557;13011968
0;20558;13011968
0;20559;13011969
0;20560;13011969
0;20561;13011969
0;20562;13011970
0;20563;13011970
0;20564;13011970
0;20565;13011971
0;20566;13011971
0;20567;13011972
0;20568;13011972
0;20569;13011972
0;20570;13011973
0;20571;13011973
0;20572;13011973
0;20573;13011974
0;20574;13011974
0;20575;13011974
0;20576;13011975
0;20577;13011975
0;20578;13011975
0;20579;13011976
0;20580;13011976
0;20581;13011976
0;20582;13011976
0;20583;13011977
0;20584;13012031
0;20585;13012031
0;20586;13012031
0;20587;13012031
0;20588;13012032
0;20589;13012032
0;20590;13012032
0;20591;13012033
0;20592;13012033
0;20593;13012033
0;20594;13012034
0;20595;13012034
0;20596;13012034
0;20597;13012035
0;20598;13012035
0;20599;13012035
0;20600;13012036
0;20601;13012036
0;20602;13012036
0;20603;13012036
0;20604;13012037
0;20605;13012037
0;20606;13012038
0;20607;13012038
0;20608;13012039
0;20609;13012040
0;20610;13012040
0;20611;13012041
0;20612;13012041
0;20613;13012041
0;20614;13012042
0;20615;13012042
0;20616;13012042
0;20617;13012043
0;20618;13012043
0;20619;13012043
0;20620;13012044
0;20621;13012095
0;20622;13012096
0;20623;13012096
0;20624;13012096
0;20625;13012097
0;20626;13012097
0;20627;13012097
0;20628;13012097
0;20629;13012098
0;20630;13012098
0;20631;13012099
0;20632;13012099
0;20633;13012099
0;20634;13012100
0;20635;13012100
0;20636;13012100
0;20637;13012100
0;20638;13012101
0;20639;13012101
0;20640;13012101
0;20641;13012102
0;20642;13012102
0;20643;13012102
0;20644;13012103
0;20645;13012103
0;20646;13012103
0;20647;13012104
0;20648;13012104
0;20649;13012105
0;20650;13012105
0;20651;13012105
0;20652;13012106
0;20653;13012106
0;20654;13012106
0;20655;13012107
0;20656;13012107
0;20657;13012107
0;20658;13012169
0;20659;13012169
0;20660;13012170
0;20661;13012170
0;20662;13012170
0;20663;13012171
0;20664;13012171
0;20665;13012172
0;20666;13012172
0;20667;13012172
0;20668;13012172
0;20669;13012173
0;20670;13012173
0;20671;13012173
0;20672;13012174
0;20673;13012174
0;20674;13012174
0;20675;13012175
0;20676;13012175
0;20677;13012175
0;20678;13012176
0;20679;13012176
0;20680;13012176
0;20681;13012177
0;20682;13012177
0;20683;13012177
0;20684;13012178
0;20685;13012178
0;20686;13012178
0;20687;13012230
0;20688;13012230
0;20689;13012230
0;20690;13012231
0;20691;13012231
0;20692;13012231
0;20693;13012232
0;20694;13012232
0;20695;13012232
0;20696;13012233
0;20697;13012233
0;20698;13012233
0;20699;13012234
0;20700;13012234
0;20701;13012234
0;20702;13012234
0;20703;13012235
0;20704;13012235
0;20705;13012235
0;20706;13012236
0;20707;13012236
0;20708;13012237
0;20709;13012237
0;20710;13012238
0;20711;13012238
0;20712;13012239
0;20713;13012239
0;20714;13012239
0;20715;13012240
0;20716;13012240
0;20717;13012240
0;20718;13012240
0;20719;13012241
0;20720;13012241
0;20721;13012242
0;20722;13012242
0;20723;13012296
0;20724;13012297
0;20725;13012297
0;20726;13012297
0;20727;13012298
0;20728;13012298
0;20729;13012298
0;20730;13012299
0;20731;13012299
0;20732;13012299
0;20733;13012300
0;20734;13012300
0;20735;13012300
0;20736;13012300
0;20737;13012301
0;20738;13012301
0;20739;13012301
0;20740;13012302
0;20741;13012302
0;20742;13012303
0;20743;13012303
0;20744;13012304
0;20745;13012304
0;20746;13012304
0;20747;13012305
0;20748;13012305
0;20749;13012305
0;20750;13012306
0;20751;13012306
0;20752;13012306
0;20753;13012307
0;20754;13012307
0;20755;13012307
0;20756;13012308
0;20757;13012308
0;20758;13012362
0;20759;13012363
0;20760;13012363
0;20761;13012363
0;20762;13012364
0;20763;13012364
0;20764;13012364
0;20765;13012365
0;20766;13012365
0;20767;13012365
0;20768;13012366
0;20769;13012366
0;20770;13012366
0;20771;13012367
0;20772;13012367
0;20773;13012367
0;20774;13012368
0;20775;13012368
0;20776;13012368
0;20777;13012369
0;20778;13012369
0;20779;13012370
0;20780;13012370
0;20781;13012370
0;20782;13012371
0;20783;13012371
0;20784;13012371
0;20785;13012372
0;20786;13012372
0;20787;13012372
0;20788;13012373
0;20789;13012373
0;20790;13012373
0;20791;13012374
0;20792;13012374
0;20793;13012374
0;20794;13012375
0;20795;13012375
0;20796;13012429
0;20797;13012429
0;20798;13012430
0;20799;13012430
0;20800;13012430
0;20801;13012431
0;20802;13012431
0;20803;13012431
0;20804;13012432
0;20805;13012432
0;20806;13012432
0;20807;13012433
0;20808;13012433
0;20809;13012433
0;20810;13012433
0;20811;13012434
0;20812;13012434
0;20813;13012434
0;20814;13012435
0;20815;13012435
0;20816;13012435
0;20817;13012436
0;20818;13012436
0;20819;13012437
0;20820;13012437
0;20821;13012437
0;20822;13012438
0;20823;13012438
0;20824;13012438
0;20825;13012439
0;20826;13012439
0;20827;13012439
0;20828;13012440
0;20829;13012440
0;20830;13012440
0;20831;13012441
0;20832;13012441
0;20833;13012497
0;20834;13012497
0;20835;13012498
0;20836;13012498
0;20837;13012499
0;20838;13012499
0;20839;13012499
0;20840;13012500
0;20841;13012500
0;20842;13012500
0;20843;13012500
0;20844;13012501
0;20845;13012501
0;20846;13012509
0;20847;13012509
0;20848;13012510
0;20849;13012510
0;20850;13012510
0;20851;13012511
0;20852;13012511
0;20853;13012511
0;20854;13012512
0;20855;13012512
0;20856;13012512
0;20857;13012512
0;20858;13012513
0;20859;13012513
0;20860;13012513
0;20861;13012514
0;20862;13012514
0;20863;13012514
0;20864;13012515
0;20865;13012515
0;20866;13012515
0;20867;13012516
0;20868;13012516
0;20869;13012517
0;20870;13012517
0;20871;13012564
0;20872;13012564
0;20873;13012564
0;20874;13012565
0;20875;13012565
0;20876;13012565
0;20877;13012566
0;20878;13012566
0;20879;13012566
0;20880;13012567
0;20881;13012567
0;20882;13012567
0;20883;13012568
0;20884;13012568
0;20885;13012569
0;20886;13012569
0;20887;13012570
0;20888;13012570
0;20889;13012570
0;20890;13012571
0;20891;13012571
0;20892;13012571
0;20893;13012572
0;20894;13012572
0;20895;13012572
0;20896;13012572
0;20897;13012573
0;20898;13012573
0;20899;13012573
0;20900;13012574
0;20901;13012574
0;20902;13012574
0;20903;13012575
0;20904;13012575
0;20905;13012575
0;20906;13012576
0;20907;13012629
0;20908;13012629
0;20909;13012629
0;20910;13012630
0;20911;13012630
0;20912;13012630
0;20913;13012631
0;20914;13012631
0;20915;13012631
0;20916;13012631
0;20917;13012632
0;20918;13012632
0;20919;13012632
0;20920;13012633
0;20921;13012633
0;20922;13012633
0;20923;13012634
0;20924;13012634
0;20925;13012634
0;20926;13012634
0;20927;13012635
0;20928;13012635
0;20929;13012636
0;20930;13012636
0;20931;13012636
0;20932;13012637
0;20933;13012637
0;20934;13012637
0;20935;13012638
0;20936;13012638
0;20937;13012638
0;20938;13012639
0;20939;13012639
0;20940;13012639
0;20941;13012640
0;20942;13012640
0;20943;13012640
0;20944;13012641
0;20945;13012641
0;20946;13012641
0;20947;13012642
0;20948;13012642
0;20949;13012642
0;20950;13012642
0;20951;13012643
0;20952;13012643
0;20953;13012644
0;20954;13012644
0;20955;13012693
0;20956;13012694
0;20957;13012694
0;20958;13012694
0;20959;13012695
0;20960;13012695
0;20961;13012695
0;20962;13012696
0;20963;13012696
0;20964;13012696
0;20965;13012697
0;20966;13012697
0;20967;13012697
0;20968;13012698
0;20969;13012698
0;20970;13012698
0;20971;13012709
0;20972;13012709
0;20973;13012709
0;20974;13012710
0;20975;13012710
0;20976;13012710
0;20977;13012711
0;20978;13012711
0;20979;13012711
0;20980;13012712
0;20981;13012712
0;20982;13012713
0;20983;13012713
0;20984;13012713
0;20985;13012714
0;20986;13012714
0;20987;13012714
0;20988;13012715
0;20989;13012715
0;20990;13012715
0;20991;13012716
0;20992;13012716
0;20993;13012716
0;20994;13012760
0;20995;13012760
0;20996;13012761
0;20997;13012761
0;20998;13012761
0;20999;13012762
0;21000;13012762
0;21001;13012763
0;21002;13012763
0;21003;13012763
0;21004;13012764
0;21005;13012764
0;21006;13012764
0;21007;13012764
0;21008;13012765
0;21009;13012765
0;21010;13012765
0;21011;13012766
0;21012;13012766
0;21013;13012766
0;21014;13012767
0;21015;13012767
0;21016;13012768
0;21017;13012768
0;21018;13012768
0;21019;13012779
0;21020;13012779
0;21021;13012780
0;21022;13012780
0;21023;13012780
0;21024;13012781
0;21025;13012781
0;21026;13012781
0;21027;13012828
0;21028;13012829
0;21029;13012829
0;21030;13012829
0;21031;13012830
0;21032;13012830
0;21033;13012830
0;21034;13012831
0;21035;13012831
0;21036;13012831
0;21037;13012832
0;21038;13012832
0;21039;13012832
0;21040;13012833
0;21041;13012833
0;21042;13012833
0;21043;13012834
0;21044;13012834
0;21045;13012834
0;21046;13012835
0;21047;13012835
0;21048;13012835
0;21049;13012836
0;21050;13012836
0;21051;13012836
0;21052;13012837
0;21053;13012837
0;21054;13012837
0;21055;13012838
0;21056;13012838
0;21057;13012838
0;21058;13012849
0;21059;13012850
0;21060;13012850
0;21061;13012892
0;21062;13012893
0;21063;13012893
0;21064;13012893
0;21065;13012894
0;21066;13012894
0;21067;13012894
0;21068;13012895
0;21069;13012895
0;21070;13012895
0;21071;13012896
0;21072;13012896
0;21073;13012896
0;21074;13012897
0;21075;13012897
0;21076;13012897
0;21077;13012897
0;21078;13012898
0;21079;13012898
0;21080;13012917
0;21081;13012918
0;21082;13012918
0;21083;13012919
0;21084;13012919
0;21085;13012919
0;21086;13012920
0;21087;13012920
0;21088;13012920
0;21089;13012921
0;21090;13012921
0;21091;13012921
0;21092;13012922
0;21093;13012959
0;21094;13012960
0;21095;13012960
0;21096;13012960
0;21097;13012961
0;21098;13012961
0;21099;13012961
0;21100;13012962
0;21101;13012962
0;21102;13012962
0;21103;13012963
0;21104;13012963
0;21105;13012963
0;21106;13012963
0;21107;13012964
0;21108;13012964
0;21109;13012978
0;21110;13012978
0;21111;13012979
0;21112;13012979
0;21113;13012979
0;21114;13012980
0;21115;13012980
0;21116;13012980
0;21117;13012981
0;21118;13012981
0;21119;13012981
0;21120;13012982
0;21121;13012982
0;21122;13012982
0;21123;13012983
0;21124;13012983
0;21125;13013026
0;21126;13013026
0;21127;13013026
0;21128;13013027
0;21129;13013027
0;21130;13013027
0;21131;13013028
0;21132;13013028
0;21133;13013028
0;21134;13013044
0;21135;13013044
0;21136;13013045
0;21137;13013045
0;21138;13013045
0;21139;13013046
0;21140;13013046
0;21141;13013047
0;21142;13013047
0;21143;13013047
0;21144;13013048
0;21145;13013048
0;21146;13013048
0;21147;13013056
0;21148;13013057
0;21149;13013057
0;21150;13013057
0;21151;13013058
0;21152;13013058
0;21153;13013058
0;21154;13013059
0;21155;13013059
0;21156;13013060
0;21157;13013060
0;21158;13013093
0;21159;13013094
0;21160;13013094
0;21161;13013094
0;21162;13013095
0;21163;13013095
0;21164;13013095
0;21165;13013095
0;21166;13013096
0;21167;13013096
0;21168;13013096
0;21169;13013097
0;21170;13013097
0;21171;13013098
0;21172;13013098
0;21173;13013108
0;21174;13013109
0;21175;13013109
0;21176;13013110
0;21177;13013110
0;21178;13013110
0;21179;13013111
0;21180;13013111
0;21181;13013111
0;21182;13013112
0;21183;13013112
0;21184;13013112
0;21185;13013113
0;21186;13013113
0;21187;13013114
0;21188;13013114
0;21189;13013114
0;21190;13013162
0;21191;13013162
0;21192;13013163
0;21193;13013163
0;21194;13013163
0;21195;13013163
0;21196;13013164
0;21197;13013164
0;21198;13013164
0;21199;13013165
0;21200;13013165
0;21201;13013165
0;21202;13013166
0;21203;13013166
0;21204;13013166
0;21205;13013167
0;21206;13013167
0;21207;13013168
0;21208;13013168
0;21209;13013168
0;21210;13013178
0;21211;13013179
0;21212;13013179
0;21213;13013179
0;21214;13013180
0;21215;13013180
0;21216;13013180
0;21217;13013181
0;21218;13013181
0;21219;13013181
0;21220;13013182
0;21221;13013182
