49152;1
49153;1
49154;1
49155;1
49156;1
49157;1
49158;1
49159;1
49160;0
49161;1
49162;0
49163;1
49164;1
49165;1
49166;0
49167;1
49168;0
49169;1
49170;1
49171;1
49172;1
49179;1
49180;1
49181;1
49182;1
49183;1
49184;1
49185;1
49186;1
49187;1
49188;1
49189;1
49190;1
49191;1
49192;1
49193;1
49194;1
49195;1
49196;2
49197;1
49198;1
49199;1
49200;1
49201;1
49202;1
49203;1
49204;1
49205;1
49206;1
49207;1
49208;1
49209;1
49210;1
49211;1
49212;1
49213;1
49214;1
49215;1
49216;1
49217;1
49218;1
49219;1
49220;1
49221;0
49222;1
49223;1
49224;1
49225;1
49226;1
49227;1
49228;1
49229;1
49230;1
49231;1
49232;0
49233;1
49234;1
49235;1
49236;1
49237;1
49238;1
49239;1
49240;1
49241;1
49242;1
49243;1
49244;1
49245;1
49246;1
49247;1
49248;1
49249;1
49250;1
49251;1
49252;1
49253;1
49254;1
49255;1
49256;1
49257;1
49258;1
49259;1
49260;1
49261;1
49262;1
49263;1
49264;1
49265;1
49266;1
49267;1
49268;1
49269;1
49270;1
49271;1
49272;1
49273;1
49274;1
49275;1
49276;1
49277;1
49278;1
49279;1
49280;1
49281;1
49282;1
49283;1
49284;1
49285;1
49286;1
49287;1
49288;1
49289;1
49290;1
49291;2
49292;1
49299;1
49300;1
49301;1
49302;2
49303;1
49304;1
49305;1
49306;1
49307;1
49308;1
49309;1
49310;1
49311;1
49312;1
49313;0
49314;1
49315;1
49316;1
49317;1
49318;1
49319;1
49320;1
49321;1
49322;1
49323;1
49324;1
49325;1
49326;1
49327;1
49328;1
49329;1
49330;1
49331;1
49332;1
49333;1
49334;1
49335;1
49336;1
49337;1
49338;1
49339;1
49340;1
49341;1
49342;1
49343;1
49344;1
49345;1
49346;1
49347;1
49348;1
49349;1
49350;1
49351;1
49352;0
49353;1
49354;1
49355;1
49356;0
49357;1
49358;1
49359;1
49360;1
49361;1
49362;1
49363;1
49364;1
49365;1
49366;1
49367;1
49368;1
49369;1
49370;1
49379;1
49380;1
49381;1
49382;1
49383;1
49384;1
49385;1
49386;1
49387;0
49388;1
49389;0
49390;1
49391;1
49392;1
49393;1
49394;1
49395;2
49396;1
49397;0
49398;1
49399;1
49400;1
49401;1
49402;1
49403;1
49404;1
49405;0
49406;1
49407;1
49408;1
49409;1
49410;1
49411;2
49412;1
49413;1
49414;1
49415;1
49416;1
49417;1
49418;1
49419;1
49420;1
49421;1
49422;1
49423;1
49424;1
49425;0
49426;1
49427;1
49428;1
49429;1
49430;1
49431;1
49432;1
49433;1
49434;1
49435;1
49436;1
49437;1
49438;1
49439;1
49440;1
49441;1
49442;0
49443;1
49444;1
49445;1
49446;1
49447;1
49448;1
49449;1
49450;1
49451;1
49452;1
49453;1
49454;1
49455;1
49456;1
49457;1
49458;1
49459;1
49460;1
49461;1
49462;1
49463;1
49464;1
49465;0
49466;1
49467;1
49468;1
49469;1
49470;1
49471;1
49472;1
49473;1
49474;1
49475;1
49476;1
49477;1
49478;1
49479;1
49480;1
49481;1
49482;0
49483;1
49484;1
49485;1
49486;1
49487;1
49488;1
49489;1
49490;1
49491;1
49492;1
49493;1
49494;1
49495;1
49496;1
49497;1
49498;1
49499;1
49500;1
49501;1
49502;1
49503;1
49504;1
49505;1
49506;1
49507;1
49508;1
49509;1
49510;1
49511;1
49512;1
49513;1
49514;0
49515;1
49516;1
49517;1
49518;1
49519;1
49520;1
49521;1
49522;1
49523;1
49524;1
49525;1
49526;1
49527;1
49528;1
49529;1
49530;1
49531;1
49532;1
49533;1
49534;1
49535;1
49536;1
49537;0
49538;1
49539;1
49540;1
49541;1
49542;1
49543;1
49544;1
49545;1
49546;1
49547;1
49548;1
49549;1
49550;1
49551;1
49552;1
49553;1
49554;1
49555;1
49556;1
49557;5
49558;1
49559;1
49560;1
49561;1
49562;1
49563;1
49564;1
49565;1
49566;1
49567;1
49568;1
49569;1
49570;2
49571;1
49572;1
49573;1
49574;1
49575;1
49576;1
49577;1
49578;1
49579;1
49580;1
49581;1
49582;1
49583;1
49584;1
49585;1
49586;1
49587;1
49588;1
49589;1
49590;1
49591;1
49592;1
49593;1
49594;1
49595;1
49596;1
49597;1
49598;1
49599;1
49600;1
49601;1
49602;1
49603;1
49604;1
49605;1
49606;1
49607;1
49608;1
49609;1
49610;1
49611;1
49612;1
49613;1
49614;1
49615;1
49616;1
49617;1
49618;1
49619;1
49620;1
49621;1
49622;1
49623;1
49624;1
49625;1
49626;1
49627;1
49628;1
49629;1
49630;1
49631;0
49632;1
49633;1
49634;1
49635;1
49636;1
49637;1
49638;1
49639;1
49640;1
49641;0
49642;1
49643;1
49644;1
49645;1
49646;1
49647;1
49648;1
49649;1
49650;1
49651;1
49652;1
49653;1
49654;1
49655;1
49656;1
49657;0
49658;1
49659;1
49660;1
49661;1
49662;1
49663;1
49664;1
49665;1
49666;1
49667;1
49668;1
49669;0
49670;1
49671;1
49672;1
49673;1
49674;1
49675;1
49676;1
49677;1
49678;1
49679;1
49680;1
49681;1
49682;1
49683;1
49684;1
49685;1
49686;1
49687;1
49688;1
49689;1
49690;1
49691;1
49692;1
49693;1
49694;1
49695;1
49696;1
49697;1
49698;1
49699;1
49700;1
49701;1
49702;1
49703;1
49704;1
49705;0
49706;1
49707;1
49708;1
49709;1
49710;1
49711;1
49712;1
49713;0
49714;1
49715;1
49716;1
49717;0
49718;1
49719;1
49720;1
49721;0
49722;1
49723;1
49724;1
49725;1
49726;1
49727;0
49728;1
49729;1
49730;1
49731;1
49732;1
49733;1
49734;1
49735;1
49736;1
49737;0
49739;1
49747;1
49748;1
49749;1
49750;1
49751;1
49752;1
49753;1
49754;1
49755;2
49756;1
49757;1
49758;1
49759;1
49760;1
49761;1
49762;1
49763;1
49764;1
49765;1
49766;1
49767;1
49768;1
49769;1
49770;0
49771;1
49772;2
49773;1
49774;1
49775;1
49776;1
49777;1
49778;0
49779;1
49780;1
49781;1
49782;1
49783;1
49784;1
49785;1
49786;1
49787;1
49788;1
49789;1
49790;2
49791;1
49792;2
49793;1
49794;0
49795;1
49796;1
49797;1
49798;1
49799;1
49800;1
49801;1
49802;1
49803;1
49804;1
49805;1
49806;1
49807;1
49808;1
49809;1
49810;1
49811;1
49812;1
49813;1
49814;1
49815;0
49816;1
49817;0
49818;1
49819;1
49820;1
49821;1
49822;1
49823;0
49824;1
49825;1
49826;1
49827;1
49828;0
49829;1
49830;1
49831;1
49832;1
49833;1
49834;1
49835;1
49836;1
49837;1
49838;1
49839;1
49840;1
49841;1
49842;1
49843;1
49844;1
49845;1
49846;1
49847;1
49848;1
49849;1
49850;1
49851;1
49852;1
49853;1
49854;1
49855;1
49856;1
49857;1
49858;1
49859;1
49860;0
49861;1
49862;1
49863;0
49864;1
49865;1
49866;1
49867;1
49868;1
49869;1
49870;1
49871;1
49872;1
49873;1
49874;1
49875;1
49876;1
49877;1
49878;1
49879;0
49880;1
49881;0
49882;1
49883;1
49884;1
49885;1
49886;1
49887;1
49888;1
49889;1
49890;1
49891;1
49892;1
49893;1
49894;1
49895;1
49896;1
49897;1
49898;1
49899;1
49900;1
49901;1
49902;0
49903;1
49904;1
49905;1
49906;1
49907;1
49908;2
49909;2
49910;2
49911;1
49912;1
49913;1
49914;1
49915;1
49916;1
49917;1
49918;1
49919;1
49920;1
49921;1
49922;1
49923;1
49924;1
49925;1
49926;1
49927;1
49928;1
49929;1
49930;1
49931;1
49932;1
49933;1
49934;1
49935;1
49936;1
49937;1
49938;1
49939;1
49940;1
49941;1
49942;0
49943;1
49944;1
49945;1
49946;1
49947;1
49948;0
49949;1
49950;1
49951;1
49952;1
49953;1
49954;1
49955;1
49956;1
49957;1
49958;1
49959;1
49960;1
49961;1
49962;1
49963;1
49964;1
49965;1
49966;1
49967;0
49968;1
49969;1
49970;2
49971;1
49972;1
49973;1
49974;1
49975;1
49976;1
49977;1
49979;1
49980;1
49981;1
49982;1
49983;1
49984;1
49985;1
49986;1
49987;1
49988;1
49989;0
49990;1
49991;1
49992;1
49993;1
49994;1
49995;1
49996;0
49997;1
49998;1
49999;1
50000;1
50001;1
50002;1
50003;1
50004;1
50005;1
50006;1
50007;1
50008;0
50009;1
50010;0
50011;1
50012;1
50013;1
50014;1
50015;1
50016;1
50017;1
50018;0
50019;1
50020;1
50021;1
50022;1
50023;1
50024;1
50025;1
50026;1
50027;1
50028;1
50029;1
50030;1
50031;1
50032;1
50033;1
50034;1
50035;1
50036;1
50037;1
50038;1
50039;1
50040;1
50041;1
50042;1
50043;1
50044;1
50045;1
50046;1
50047;1
50048;1
50049;1
50050;1
50059;1
50060;1
50061;1
50062;1
50063;1
50064;1
50065;1
50066;1
50067;1
50068;1
50069;1
50070;1
50071;1
50072;1
50073;0
50074;1
50075;1
50076;1
50077;1
50078;1
50079;1
50080;1
50081;1
50082;1
50083;1
50084;1
50085;1
50086;1
50087;0
50088;1
50089;0
50090;1
50091;1
50092;1
50093;1
50094;1
50095;0
50096;1
50097;1
50098;1
50099;1
50100;1
50101;0
50102;1
50103;1
50104;1
50105;1
50106;1
50107;7
50108;1
50109;1
50110;1
50111;1
50112;1
50113;1
50114;1
50115;1
50116;1
50117;1
50118;1
50119;1
50120;1
50121;1
50122;1
50123;1
50124;1
50125;1
50126;1
50127;1
50128;1
50129;1
50130;1
50131;1
50132;1
50133;1
50134;1
50135;1
50136;1
50137;1
50138;1
50139;1
50140;1
50141;1
50142;1
50143;1
50144;1
50145;1
50146;1
50147;2
50148;1
50149;2
50150;1
50151;1
50152;1
50153;1
50154;1
50155;1
50156;1
50157;1
50158;1
50159;1
50160;1
50161;1
50162;1
50163;1
50164;1
50165;0
50166;1
50167;1
50168;1
50169;1
50170;1
50171;1
50172;1
50173;1
50174;1
50175;1
50176;1
50177;1
50178;1
50179;1
50180;1
50181;1
50182;1
50183;1
50184;1
50185;1
50186;1
50187;1
50188;1
50189;1
50190;1
50191;1
50192;1
50193;1
50194;1
50195;1
50196;1
50197;0
50198;1
50199;1
50200;1
50201;1
50202;1
50203;1
50204;1
50205;1
50206;1
50207;1
50208;1
50209;1
50210;1
50211;1
50212;1
50213;1
50214;11
50215;1
50216;1
50217;1
50218;1
50219;1
50220;1
50221;1
50222;1
50223;1
50224;1
50225;1
50226;1
50235;2
50236;1
50237;1
50238;1
50239;1
50240;1
50241;1
50242;1
50243;1
50244;0
50245;1
50246;1
50247;1
50248;1
50249;1
50250;0
50251;1
50252;1
50253;1
50254;1
50255;1
50256;1
50257;1
50258;1
50259;1
50260;1
50261;1
50262;0
50263;1
50264;1
50265;1
50266;1
50267;1
50268;1
50269;1
50270;1
50271;1
50272;1
50273;1
50274;1
50275;1
50276;1
50277;1
50278;1
50279;1
50280;1
50281;1
50282;1
50283;1
50284;1
50285;1
50286;1
50287;1
50288;1
50289;1
50290;1
50291;1
50292;0
50293;1
50294;1
50295;1
50296;1
50297;1
50298;1
50299;1
50300;0
50301;1
50302;1
50303;1
50304;1
50305;1
50306;1
50307;1
50308;1
50309;1
50310;1
50311;1
50312;1
50313;1
50314;1
50315;1
50316;1
50317;1
50318;1
50319;1
50320;1
50321;1
50322;1
50323;1
50324;1
50325;1
50326;1
50327;1
50331;1
50332;1
50333;0
50334;1
50335;1
50336;1
50337;1
50338;1
50339;1
50340;1
50341;1
50342;1
50343;1
50344;1
50345;1
50346;1
50347;1
50348;1
50349;1
50350;1
50351;1
50352;1
50353;1
50354;1
50355;1
50356;1
50357;1
50358;1
50359;1
50360;0
50361;1
50362;0
50363;1
50364;1
50365;1
50366;1
50367;1
50368;1
50369;1
50370;0
50371;1
50372;1
50373;1
50374;0
50375;1
50376;1
50377;1
50378;1
50379;1
50380;1
50381;1
50382;1
50383;1
50384;1
50385;0
50386;1
50387;1
50388;1
50389;1
50390;1
50391;1
50392;1
50393;1
50394;1
50395;1
50396;0
50397;1
50398;0
50399;1
50400;1
50401;1
50402;1
50403;1
50404;1
50405;1
50406;1
50407;1
50408;1
50409;1
50410;1
50411;1
50412;1
50413;1
50414;1
50415;1
50416;1
50417;1
50418;1
50419;1
50420;2
50421;1
50422;1
50423;1
50424;1
50425;1
50426;1
50427;1
50428;1
50429;1
50430;1
50431;0
50432;1
50433;0
50434;1
50435;1
50436;1
50437;1
50438;1
50439;1
50440;1
50441;1
50442;1
50443;1
50444;1
50445;1
50446;1
50447;1
50448;1
50449;1
50450;1
50451;1
50452;1
50453;1
50454;1
50455;1
50456;1
50457;1
50458;1
50459;1
50460;1
50461;1
50462;1
50463;1
50464;0
50465;1
50466;1
50467;1
50468;1
50469;1
50470;1
50471;1
50472;1
50473;1
50474;1
50475;1
50476;1
50477;1
50478;1
50479;1
50480;1
50481;1
50482;1
50483;1
50484;1
50485;1
50486;1
50487;1
50488;1
50489;1
50490;1
50491;1
50492;1
50493;1
50494;1
50495;1
50496;1
50497;1
50498;1
50499;1
50500;1
50501;1
50502;1
50503;1
50504;1
50505;1
50506;1
50507;1
50508;1
50509;1
50510;1
50511;1
50512;1
50513;1
50514;1
50515;1
50516;1
50517;0
50518;1
50519;1
50520;1
50521;1
50522;1
50523;1
50524;1
50525;1
50526;1
50527;1
50528;1
50529;1
50530;1
50531;1
50532;1
50533;1
50534;1
50535;1
50536;1
50537;1
50538;1
50539;2
50540;7
50541;1
50542;1
50543;1
50544;1
50545;2
50546;1
50547;1
50548;0
50549;1
50550;1
50551;1
50552;1
50553;1
50554;1
50555;1
50556;1
50557;1
50558;1
50559;1
50560;1
50561;1
50562;1
50563;1
50564;1
50565;1
50566;1
50567;1
50568;1
50569;1
50570;1
50571;1
50572;1
50573;1
50574;1
50575;1
50576;1
50577;1
50578;1
50579;1
50580;0
50581;1
50582;1
50583;1
50584;1
50587;3
50588;1
50589;2
50590;1
50591;1
50592;1
50593;1
50594;0
50595;1
50596;1
50597;1
50598;2
50599;1
50600;0
50601;1
50602;1
50603;1
50604;4
50605;1
50606;1
50607;5
50608;1
50609;1
50610;1
50611;1
50612;1
50613;1
50614;1
50615;1
50616;1
50617;1
50618;1
50619;1
50620;1
50621;1
50622;1
50623;1
50624;1
50625;1
50626;1
50627;2
50628;1
50629;0
50630;1
50631;1
50632;1
50633;1
50634;1
50635;2
50636;1
50637;1
50638;1
50639;1
50640;1
50641;1
50642;1
50643;1
50644;1
50645;1
50646;1
50647;1
50648;2
50649;1
50650;1
50651;1
50652;1
50653;1
50654;1
50655;1
50656;1
50657;1
50658;1
50659;2
50660;1
50661;1
50662;1
50663;1
50664;1
50665;1
50666;0
50667;1
50668;1
50669;1
50670;1
50671;1
50672;1
50673;1
50674;1
50675;1
50676;1
50677;1
50678;3
50679;1
50680;1
50681;1
50682;1
50683;1
50684;1
50685;1
50686;1
50687;1
50688;1
50689;1
50690;1
50691;1
50692;1
50693;1
50694;1
50695;1
50696;1
50697;1
50698;1
50699;1
50700;1
50701;0
50702;1
50703;1
50704;1
50705;1
50706;1
50707;2
50708;1
50709;1
50710;1
50711;1
50712;1
50713;1
50714;1
50715;1
50716;1
50717;1
50718;1
50719;1
50720;1
50721;1
50722;1
50723;1
50724;1
50725;1
50726;1
50727;1
50728;1
50729;0
50730;1
50731;1
50732;1
50733;0
50734;1
50735;1
50736;1
50737;1
50738;0
50739;1
50740;1
50741;1
50742;1
50743;1
50744;0
50745;1
50746;1
50747;1
50748;0
50749;1
50750;1
50751;1
50752;1
50753;1
50754;1
50755;1
50756;1
50757;1
50758;1
50759;1
50760;1
50761;0
50762;1
50763;6
50764;1
50765;1
50766;1
50767;1
50768;1
50769;1
50770;1
50771;1
50772;1
50773;1
50774;1
50775;1
50776;1
50777;1
50778;1
50779;1
50780;1
50781;1
50782;1
50783;1
50784;1
50785;1
50786;1
50787;0
50788;1
50789;1
50790;1
50791;1
50792;1
50793;1
50794;1
50795;1
50796;1
50797;1
50798;1
50799;1
50800;1
50801;1
50802;1
50803;2
50811;1
50812;1
50813;0
50814;1
50815;1
50816;1
50817;1
50818;1
50819;1
50820;1
50821;1
50822;1
50823;1
50824;1
50825;1
50826;1
50827;2
50828;1
50829;1
50830;1
50831;1
50832;1
50835;1
50836;0
50837;1
50838;1
50839;1
50840;1
50841;1
50842;1
50843;1
50844;1
50845;1
50846;1
50847;1
50848;0
50849;1
50850;2
50851;1
50852;1
50853;1
50854;1
50855;1
50856;1
50857;1
50858;1
50859;1
50860;1
50861;1
50862;1
50863;0
50864;1
50865;1
50866;1
50867;1
50868;1
50869;1
50870;1
50871;1
50872;1
50873;1
50874;1
50875;5
50876;1
50877;1
50878;1
50879;1
50880;1
50881;1
50882;1
50883;1
50884;1
50885;0
50886;1
50887;1
50888;1
50889;1
50890;1
50891;1
50892;1
50893;1
50894;1
50895;0
50896;1
50897;1
50898;1
50899;1
50900;0
50901;1
50902;1
50903;1
50904;1
50905;1
50906;1
50907;1
50908;1
50909;1
50910;1
50911;1
50912;1
50913;0
50914;1
50915;1
50916;1
50917;1
50918;1
50919;1
50920;1
50921;1
50922;1
50923;1
50924;1
50925;1
50926;0
50927;1
50928;1
50929;1
50930;1
50931;1
50932;1
50933;1
50934;1
50935;1
50936;1
50937;1
50938;1
50939;1
50940;1
50947;1
50948;1
50949;1
50950;1
50951;1
50955;2
50956;1
50957;1
50958;1
50959;1
50960;1
50961;1
50962;1
50963;1
50964;1
50965;1
50966;1
50967;1
50968;1
50969;1
50970;1
50971;1
50972;1
50973;1
50974;1
50975;1
50976;1
50977;1
50978;1
50979;1
50980;1
50981;1
50982;1
50983;1
50984;1
50985;0
50986;1
50987;2
50988;2
50989;1
50990;1
50991;1
50992;1
50993;1
50994;0
50995;1
50996;1
50997;1
50998;1
50999;1
51000;1
51001;1
51002;0
51003;1
51004;1
51005;1
51006;1
51007;1
51008;1
51009;1
51010;1
51011;1
51012;1
51013;1
51019;1
51020;1
51021;1
51022;1
51023;1
51024;1
51025;1
51026;1
51027;1
51028;1
51029;1
51030;1
51031;1
51032;1
51033;1
51035;1
51036;1
51037;1
51038;2
51039;1
51040;1
51041;2
51042;1
51043;1
51044;1
51045;1
51046;1
51047;1
51048;1
51049;1
51050;1
51051;1
51052;1
51053;1
51054;1
51055;1
51056;1
51059;1
51060;1
51061;1
51062;1
51063;2
51064;1
51065;1
51066;1
51067;1
51068;1
51069;1
51070;1
51071;1
51072;1
51073;1
51074;1
51075;1
51076;2
51077;1
51078;1
51079;1
51080;1
51081;1
51082;1
51083;1
51084;1
51085;1
51086;1
51087;1
51088;1
51089;1
51090;1
51091;1
51092;2
51093;1
51094;1
51095;1
51099;1
51100;1
51101;1
51102;1
51103;1
51104;1
51105;1
51106;1
51107;1
51108;1
51109;1
51110;1
51111;1
51112;1
51113;1
51114;1
51115;1
51116;1
51117;1
51118;1
51119;1
51120;1
51121;1
51122;1
51123;1
51124;1
51125;1
51126;1
51127;1
51128;1
51129;1
51130;1
51131;1
51132;1
51133;1
51134;1
51135;1
51136;1
51137;1
51138;1
51139;1
51140;1
51141;1
51142;1
51143;1
51144;1
51145;1
51146;1
51147;1
51148;1
51149;1
51150;1
51151;1
51152;1
51153;1
51154;1
51155;1
51156;1
51157;1
51158;1
51159;1
51160;1
51161;1
51162;1
51163;1
51164;1
51165;1
51166;1
51171;1
51172;1
51173;1
51174;1
51175;1
51176;1
51177;1
51178;1
51179;1
51180;1
51181;1
51182;1
51183;1
51184;1
51185;1
51186;1
51187;2
51188;1
51189;1
51190;1
51191;1
51192;1
51193;0
51194;1
51195;1
51196;1
51197;1
51198;1
51199;1
51200;1
51201;1
51202;1
51203;1
51204;0
51205;1
51206;1
51207;1
51208;1
51209;1
51210;1
51211;1
51212;1
51213;1
51214;1
51215;1
51216;1
51217;1
51218;1
51219;1
51220;1
51221;1
51222;1
51223;1
51224;1
51225;1
51226;1
51227;1
51228;1
51229;1
51230;1
51231;1
51232;1
51233;1
51234;1
51235;1
51236;1
51237;1
51238;1
51239;1
51240;1
51241;1
51242;1
51243;2
51244;1
51245;1
51246;1
51247;1
51248;1
51249;2
51250;1
51251;2
51252;1
51253;1
51254;1
51255;1
51256;1
51257;1
51258;1
51259;1
51260;1
51261;1
51262;1
51263;1
51264;1
51265;1
51266;1
51267;1
51275;2
51276;1
51277;1
51278;1
51279;1
51280;1
51281;1
51282;1
51283;1
51284;1
51285;1
51286;1
51287;1
51288;1
51289;1
51290;1
51291;1
51292;1
51293;1
51294;1
51295;1
51296;1
51297;1
51298;1
51299;1
51300;1
51301;1
51302;1
51303;1
51304;1
51305;1
51306;7
51307;1
51308;1
51309;1
51310;1
51311;1
51312;1
51313;1
51314;1
51315;1
51316;1
51317;1
51318;1
51319;1
51320;1
51321;1
51322;1
51323;1
51324;1
51325;1
51326;1
51327;1
51328;1
51329;1
51330;2
51331;1
51332;1
51333;1
51334;1
51335;1
51336;1
51337;1
51338;1
51339;1
51340;1
51341;1
51342;1
51343;1
51344;1
51345;1
51346;1
51347;1
51348;1
51349;1
51350;1
51351;0
51352;1
51353;1
51354;1
51355;1
51356;1
51357;1
51358;1
51359;0
51360;1
51361;1
51362;1
51363;1
51364;1
51365;1
51366;1
51367;0
51368;1
51369;1
51370;1
51371;1
51372;1
51373;1
51374;1
51375;1
51376;1
51377;1
51378;1
51379;1
51380;1
51381;1
51382;1
51383;1
51384;1
51385;0
51386;1
51387;1
51388;1
51389;1
51390;1
51391;1
51392;0
51393;1
51394;1
51395;1
51396;0
51397;1
51398;0
51399;1
51400;1
51401;1
51402;2
51403;1
51404;0
51405;1
51406;1
51407;2
51408;1
51409;0
51410;1
51411;1
51412;1
51413;1
51414;1
51415;0
51416;1
51417;1
51418;1
51419;1
51420;1
51421;1
51422;1
51423;0
51424;1
51425;0
51426;1
51427;1
51428;1
51429;1
51430;0
51431;1
51432;1
51433;1
51434;1
51435;1
51436;1
51437;1
51438;1
51439;1
51440;1
51441;1
51442;1
51443;1
51444;1
51445;1
47355;4
47356;4
47357;4
47358;1
47359;1
47360;1
47361;1
47362;0
47363;1
47364;1
47365;5
47366;1
47367;1
47368;1
47369;7
47370;1
47371;1
47372;1
47373;8
47374;8
47375;0
47376;1
47377;1
47378;1
47387;1
47388;1
47389;1
47390;1
47391;1
47392;1
47393;1
47394;1
47395;1
47396;1
47397;1
47398;1
47399;1
47400;1
47401;1
47402;1
47403;1
47404;1
47405;1
47406;1
47407;1
47408;1
47409;1
47410;1
47411;1
47412;1
47413;1
47414;1
47415;1
47416;0
47417;1
47418;0
47419;1
47420;1
47421;1
47422;1
47423;1
47424;1
47425;1
47426;1
47427;1
47428;2
47429;1
47430;1
47431;1
47432;1
47433;0
47434;1
47435;1
47436;1
47437;1
47438;1
47439;0
47440;1
47441;1
47442;1
47443;1
47444;1
47445;1
47446;1
47447;1
47448;1
47449;1
47450;1
47451;1
47452;1
47453;1
47454;1
47455;1
47456;1
47457;1
47458;1
47459;1
47460;1
47461;1
47462;1
47463;1
47464;1
47465;0
47466;1
47467;1
47468;1
47469;1
47470;1
47471;1
47472;1
47473;1
47474;1
47475;1
47476;1
47477;1
47478;1
47479;1
47480;1
47481;1
47482;1
47483;1
47484;1
47485;1
47486;1
47487;1
47488;1
47489;0
47490;4
47491;1
47492;2
47493;1
47494;1
47495;1
47496;1
47497;1
47498;1
47499;2
47500;1
47501;1
47502;1
47503;1
47504;1
47505;0
47506;1
47507;1
47508;1
47509;1
47510;1
47511;1
47512;1
47513;1
47514;1
47515;1
47516;1
47517;1
47518;1
47519;1
47520;0
47521;1
47522;1
47523;1
47524;1
47525;1
47526;1
47527;1
47528;1
47529;1
47530;1
47531;1
47532;1
47533;1
47534;1
47535;1
47536;1
47537;1
47538;1
47539;1
47540;1
47541;1
47542;1
47543;1
47544;1
47545;1
47546;1
47547;1
47548;1
47549;1
47550;2
47551;1
47552;1
47553;0
47554;1
47555;1
47556;1
47557;1
47558;1
47559;1
47560;1
47561;1
47562;0
47571;1
47572;1
47573;1
47574;1
47575;1
47576;1
47577;1
47578;1
47579;1
47580;1
47581;1
47582;1
47583;1
47584;1
47585;1
47586;1
47587;1
47588;1
47589;1
47590;1
47591;1
47592;1
47593;1
47594;1
47595;1
47596;1
47597;1
47598;1
47599;1
47600;1
47601;1
47602;1
47603;1
47604;1
47605;1
47606;1
47607;1
47608;1
47609;0
47610;1
47611;1
47612;1
47613;1
47614;0
47615;1
47616;1
47617;1
47618;1
47619;2
47620;1
47621;1
47627;1
47628;1
47629;1
47630;1
47631;1
47632;1
47633;1
47634;1
47635;1
47636;1
47637;1
47638;1
47639;1
47640;1
47641;1
47642;1
47643;1
47644;1
47645;1
47646;1
47647;1
47648;1
47649;0
47650;1
47651;1
47652;1
47653;1
47654;1
47655;1
47656;1
47657;1
47658;1
47659;1
47660;1
47661;1
47662;1
47663;1
47664;1
47665;1
47666;1
47667;1
47668;1
47669;1
47670;1
47671;1
47672;0
47673;1
47674;1
47675;1
47676;1
47677;1
47678;1
47679;1
47680;0
47681;1
47682;1
47683;1
47684;1
47685;1
47686;1
47687;1
47688;1
47689;1
47690;1
47691;1
47692;1
47699;1
47700;1
47701;1
47702;1
47703;1
47704;1
47705;0
47706;1
47707;1
47708;1
47709;1
47710;1
47711;1
47712;1
47713;1
47714;1
47715;1
47716;0
47717;1
47718;2
47719;1
47720;1
47721;1
47722;1
47723;2
47724;1
47725;0
47726;1
47727;1
47728;1
47729;1
47730;1
47731;1
47732;1
47733;1
47734;1
47735;1
47736;1
47737;0
47738;1
47739;1
47740;1
47741;1
47742;1
47743;1
47744;1
47745;1
47746;1
47747;1
47748;1
47749;1
47750;1
47751;1
47752;1
47753;1
47754;1
47755;1
47756;1
47757;1
47758;1
47759;1
47760;1
47761;1
47762;1
47763;1
47764;1
47765;1
47766;1
47767;1
47768;1
47769;1
47770;1
47771;1
47772;1
47773;1
47774;1
47775;1
47776;1
47777;1
47778;1
47779;2
47780;1
47781;1
47782;1
47783;1
47784;1
47785;1
47786;1
47787;1
47788;1
47789;1
47790;1
47791;1
47792;1
47793;1
47794;1
47795;1
47796;1
47797;1
47798;1
47799;1
47800;1
47801;1
47802;1
47803;1
47804;1
47805;1
47806;1
47807;1
47808;1
47809;1
47810;1
47811;1
47812;1
47813;1
47814;1
47815;1
47816;1
47817;0
47818;1
47819;1
47820;1
47821;1
47822;1
47823;1
47824;1
47825;1
47826;1
47827;1
47828;1
47829;1
47830;1
47831;1
47832;1
47833;1
47834;1
47835;1
47836;1
47837;1
47838;1
47839;1
47840;1
47841;1
47842;1
47843;1
47844;0
47845;1
47846;1
47847;1
47848;1
47849;1
47850;1
47851;1
47852;0
47853;1
47854;1
47855;1
47856;1
47857;1
47858;1
47859;1
47860;1
47861;1
47862;1
47863;1
47864;1
47865;1
47866;1
47867;1
47868;1
47869;1
47870;1
47871;1
47872;1
47873;1
47874;0
47875;1
47876;1
47877;1
47878;1
47879;1
47880;0
47881;1
47882;1
47891;1
47892;1
47893;1
47894;1
47895;1
47896;1
47897;1
47898;1
47899;1
47900;1
47901;1
47902;1
47903;1
47904;1
47905;1
47906;1
47907;1
47908;1
47909;1
47910;1
47911;1
47912;1
47913;1
47914;1
47915;1
47916;1
47917;1
47918;1
47919;1
47920;0
47921;1
47922;1
47923;1
47924;1
47925;1
47926;1
47927;1
47928;1
47929;1
47930;1
47931;1
47932;1
47933;1
47934;1
47935;1
47936;1
47937;1
47938;1
47939;1
47940;1
47941;1
47942;0
47943;1
47944;1
47945;1
47946;1
47947;1
47948;1
47949;1
47950;1
47951;1
47952;1
47953;1
47954;1
47955;1
47956;1
47957;1
47958;1
47959;0
47960;1
47961;1
47962;1
47963;1
47964;1
47965;1
47966;1
47967;1
47968;1
47969;1
47970;1
47971;1
47972;1
47973;1
47974;1
47975;1
47976;1
47977;0
47978;1
47979;1
47980;1
47981;0
47982;1
47983;1
47984;1
47985;1
47986;1
47987;1
47988;0
47989;1
47990;1
47991;1
47992;1
47993;1
47994;1
47995;1
47996;1
47997;1
47998;1
47999;1
48000;1
48001;1
48002;1
48003;2
48004;1
48005;1
48006;1
48007;1
48008;1
48009;1
48010;1
48011;1
48012;1
48013;1
48014;1
48015;1
48016;1
48017;1
48018;1
48019;2
48020;1
48021;1
48022;1
48023;1
48024;1
48025;1
48026;1
48027;1
48028;1
48029;1
48030;1
48031;1
48032;1
48033;1
48035;1
48036;1
48037;2
48038;1
48039;1
48040;1
48041;1
48042;8
48043;1
48044;1
48045;1
48046;1
48047;1
48048;1
48049;1
48050;1
48051;1
48052;1
48053;1
48054;1
48055;1
48056;1
48057;1
48058;1
48059;1
48060;1
48061;1
48062;1
48063;1
48064;1
48065;1
48066;1
48067;2
48068;1
48069;1
48070;1
48071;1
48072;1
48073;1
48074;1
48075;1
48076;1
48077;1
48078;1
48079;1
48080;1
48081;1
48082;1
48083;1
48084;1
48085;1
48086;1
48087;1
48088;1
48089;1
48090;1
48091;1
48092;1
48093;1
48094;1
48095;1
48096;1
48097;1
48098;1
48099;1
48100;1
48101;1
48102;1
48103;1
48104;1
48105;1
48106;1
48107;1
48108;1
48109;1
48110;1
48111;1
48112;1
48113;1
48114;0
48115;2
48116;1
48117;1
48118;1
48119;1
48120;1
48121;1
48122;1
48123;1
48124;1
48125;1
48126;1
48127;1
48128;0
48129;1
48130;1
48131;1
48132;1
48133;1
48134;1
48135;1
48136;1
48137;1
48138;1
48139;1
48140;1
48141;1
48142;1
48143;1
48144;1
48145;1
48146;1
48147;1
48148;0
48149;1
48150;1
48151;1
48152;1
48153;1
48154;1
48155;1
48156;1
48157;1
48158;1
48159;1
48160;1
48161;1
48162;1
48163;2
48164;1
48165;1
48166;1
48167;1
48168;1
48169;1
48170;1
48171;2
48172;1
48173;1
48174;1
48175;1
48176;1
48177;1
48178;1
48179;1
48180;1
48181;1
48182;1
48183;1
48184;1
48185;1
48186;1
48187;1
48188;1
48189;2
48190;1
48191;1
48192;1
48193;1
48194;1
48195;1
48196;1
48197;1
48198;1
48199;0
48200;1
48201;1
48202;1
48203;1
48204;1
48205;1
48206;1
48207;1
48208;1
48209;1
48210;1
48211;1
48212;2
48213;1
48214;1
48215;1
48216;1
48217;1
48218;1
48219;1
48220;1
48221;1
48222;1
48223;1
48224;1
48225;1
48226;1
48227;1
48228;4
48229;1
48230;1
48231;0
48232;1
48233;1
48234;1
48235;1
48236;1
48237;1
48238;1
48239;1
48240;1
48241;1
48242;1
48243;1
48244;1
48245;1
48246;1
48247;2
48248;2
48249;1
48250;1
48251;1
48252;1
48253;2
48254;1
48255;1
48256;1
48257;1
48258;1
48259;1
48260;1
48261;1
48262;1
48263;2
48264;1
48265;0
48266;1
48267;1
48268;1
48269;1
48270;1
48271;1
48272;1
48273;1
48274;1
48275;1
48276;1
48277;1
48278;1
48279;1
48280;1
48281;1
48282;1
48283;1
48284;1
48285;1
48286;1
48287;1
48288;1
48289;1
48290;1
48291;1
48292;1
48293;1
48294;1
48295;1
48296;1
48297;1
48298;1
48299;1
48300;1
48301;1
48302;1
48307;1
48308;1
48309;1
48310;1
48311;1
48312;1
48315;2
48316;1
48317;1
48318;1
48319;1
48320;1
48321;1
48322;1
48323;1
48324;1
48325;1
48326;1
48327;1
48328;1
48329;1
48330;1
48331;1
48332;1
48333;1
48334;1
48335;1
48336;1
48337;1
48338;1
48339;1
48340;1
48341;1
48342;1
48343;1
48344;1
48345;1
48346;1
48347;1
48348;1
48349;1
48350;1
48351;1
48352;1
48353;1
48354;1
48355;1
48356;1
48357;1
48358;1
48359;1
48360;1
48361;1
48362;1
48371;1
48372;1
48373;1
48374;1
48375;1
48376;1
48377;1
48378;1
48379;1
48380;1
48381;1
48382;1
48383;1
48384;1
48385;2
48386;1
48387;1
48388;1
48389;1
48390;1
48391;1
48392;1
48393;0
48394;1
48395;1
48396;1
48397;1
48398;1
48399;1
48400;1
48401;1
48402;1
48403;1
48404;1
48405;1
48406;1
48407;1
48408;1
48409;1
48410;1
48411;1
48412;1
48413;1
48414;1
48415;1
48416;1
48417;1
48418;1
48419;1
48420;2
48421;1
48422;0
48423;1
48424;1
48425;1
48426;7
48427;1
48428;1
48429;1
48430;1
48431;1
48432;1
48433;1
48434;1
48435;1
48436;1
48437;1
48438;1
48439;1
48440;1
48441;1
48442;1
48443;1
48444;1
48445;1
48446;1
48447;1
48448;1
48449;2
48450;1
48451;1
48452;1
48453;1
48454;0
48455;1
48456;1
48457;1
48458;0
48459;1
48460;1
48461;1
48462;1
48463;1
48464;1
48465;1
48466;1
48467;1
48468;1
48469;1
48470;1
48471;1
48472;1
48473;1
48474;0
48475;1
48476;1
48477;1
48478;1
48479;1
48480;1
48481;1
48482;1
48483;1
48484;1
48485;1
48486;1
48487;1
48488;1
48489;1
48490;1
48491;1
48492;1
48493;1
48494;1
48495;1
48496;1
48497;1
48498;0
48499;1
48500;1
48501;1
48502;0
48503;1
48504;1
48505;1
48506;1
48507;1
48508;1
48509;1
48510;1
48511;1
48512;1
48513;1
48514;1
48515;1
48516;1
48517;1
48518;1
48519;1
48520;1
48521;1
48522;1
48523;1
48524;1
48525;1
48526;1
48531;1
48532;1
48533;1
48534;1
48535;1
48536;1
48537;1
48538;1
48539;1
48540;1
48541;1
48542;1
48543;1
48544;1
48545;1
48546;1
48547;1
48548;1
48549;1
48550;1
48551;1
48552;1
48553;0
48554;1
48555;1
48556;1
48557;1
48558;1
48559;1
48560;1
48561;1
48562;1
48563;1
48564;1
48565;1
48566;1
48567;1
48568;1
48569;1
48570;1
48571;1
48572;1
48573;1
48574;1
48575;1
48576;1
48577;1
48578;1
48579;1
48580;1
48581;1
48582;1
48583;1
48584;1
48585;1
48586;1
48587;1
48588;1
48589;1
48590;1
48591;1
48592;1
48593;1
48594;1
48595;1
48596;1
48597;1
48598;1
48599;1
48600;1
48601;1
48602;1
48603;1
48604;1
48605;1
48606;1
48607;1
48608;1
48609;1
48610;1
48611;1
48612;1
48613;1
48614;1
48615;1
48616;1
48617;1
48618;1
48619;2
48620;1
48621;1
48622;1
48623;1
48624;1
48625;1
48626;1
48627;1
48628;1
48629;1
48630;1
48631;1
48632;1
48633;1
48634;1
48643;1
48644;1
48645;1
48646;1
48647;1
48648;1
48649;1
48650;1
48651;0
48652;1
48653;1
48654;1
48655;1
48656;1
48657;1
48658;1
48659;1
48660;1
48661;1
48662;1
48663;1
48664;1
48665;1
48666;1
48667;1
48668;1
48669;1
48670;1
48671;1
48672;1
48673;1
48674;1
48675;1
48676;1
48677;1
48678;1
48679;1
48680;1
48681;1
48682;1
48683;1
48684;1
48685;1
48686;1
48687;1
48688;1
48689;1
48690;1
48691;2
48692;1
48693;1
48694;1
48695;1
48696;1
48697;1
48698;1
48699;1
48700;1
48707;1
48708;1
48709;1
48710;0
48711;1
48712;1
48713;1
48714;1
48715;1
48716;0
48717;1
48718;1
48719;1
48720;1
48721;1
48722;1
48723;1
48724;1
48725;1
48726;0
48727;1
48728;0
48729;1
48730;1
48731;1
48732;1
48733;1
48734;0
48735;1
48739;1
48740;1
48741;0
48742;1
48743;1
48744;1
48745;1
48746;0
48747;1
48748;1
48749;1
48750;1
48751;1
48752;1
48753;1
48754;1
48755;1
48756;1
48757;1
48758;1
48759;1
48760;1
48761;1
48762;0
48771;1
48772;1
48773;1
48774;1
48775;1
48776;1
48777;1
48778;1
48779;1
48780;0
48781;1
48782;1
48783;1
48784;1
48785;1
48786;1
48787;1
48788;1
48789;1
48790;1
48791;1
48792;1
48793;1
48794;1
48795;1
48796;1
48797;1
48798;1
48799;0
48800;1
48801;1
48802;1
48803;1
48804;1
48805;1
48806;1
48807;1
48808;1
48809;0
48810;1
48811;1
48812;1
48813;1
48814;1
48815;0
48816;1
48817;1
48818;1
48819;1
48820;1
48821;0
48822;1
48823;1
48824;1
48825;1
48826;1
48827;1
48828;1
48829;1
48830;1
48831;1
48832;11
48833;1
48834;1
48835;1
48836;1
48837;1
48838;1
48839;1
48840;1
48841;1
48842;1
48843;1
48844;1
48845;1
48846;1
48847;1
48848;1
48849;1
48850;2
48851;2
48852;1
48853;1
48854;1
48855;1
48859;1
48860;1
48861;1
48862;1
48863;1
48864;1
48865;1
48866;1
48867;1
48868;1
48869;1
48870;1
48875;1
48876;1
48877;1
48878;1
48879;1
48880;0
48881;1
48882;1
48883;1
48884;1
48885;1
48886;1
48887;1
48888;0
48889;1
48890;1
48891;1
48892;1
48893;1
48894;1
48895;1
48896;1
48897;1
48898;1
48899;1
48900;1
48901;1
48902;0
48903;1
48904;1
48905;1
48906;1
48907;2
48908;1
48909;1
48910;1
48911;1
48912;1
48913;0
48914;1
48915;1
48916;1
48917;1
48918;1
48919;1
48920;1
48921;1
48922;1
48923;1
48931;2
48932;1
48933;1
48934;1
48935;1
48936;1
48937;1
48938;1
48939;1
48940;1
48941;1
48942;1
48943;1
48944;1
48945;1
48946;1
48947;1
48948;1
48949;1
48950;1
48951;1
48952;1
48953;1
48954;1
48955;1
48956;1
48957;1
48958;2
48959;1
48960;1
48961;1
48962;1
48963;1
48964;1
48965;1
48966;1
48967;1
48968;1
48969;1
48970;1
48971;2
48972;1
48973;1
48974;1
48975;1
48976;1
48977;1
48978;1
48979;1
48980;1
48981;1
48982;1
48983;0
48987;1
48988;1
48989;1
48990;1
48991;1
48992;1
48993;1
48994;1
48995;1
48996;1
48997;1
48998;1
48999;1
49000;1
49001;1
49002;1
49003;1
49004;1
49005;1
49006;0
49007;1
49008;1
49009;1
49010;1
49011;1
49012;1
49013;1
49014;1
49015;1
49016;1
49017;1
49018;1
49019;1
49020;1
49021;1
49022;1
49023;1
49024;1
49025;1
49026;1
49027;1
49028;1
49029;1
49030;1
49031;1
49032;1
49033;1
49034;1
49035;1
49036;1
49037;1
49038;1
49039;1
49040;1
49041;1
49042;1
49043;1
49044;1
49045;1
49046;1
49047;1
49048;1
49049;1
49050;1
49051;1
49052;0
49053;1
49054;1
49055;1
49056;1
49057;1
49058;1
49059;1
49060;1
49061;0
49062;1
49063;1
49064;1
49065;1
49066;1
49067;1
49068;1
49069;1
49070;1
49071;1
49072;1
49073;1
49074;0
49075;1
49076;1
49077;1
49078;1
49079;1
49080;1
49081;1
49082;1
49083;1
49084;1
49085;1
49086;1
49087;1
49088;1
49089;1
49090;1
49091;1
49092;1
49093;1
49094;1
49095;1
49096;1
49097;1
49098;1
49099;1
49100;1
49101;1
49102;1
49103;1
49104;1
49105;1
49106;1
49107;1
49108;1
49109;1
49110;1
49111;1
49112;0
49113;1
49114;1
49115;1
49116;1
49117;1
49118;1
49123;2
49124;1
49125;2
49126;1
49127;1
49128;1
49129;1
49130;0
49131;1
49132;1
49133;1
49134;1
49135;1
49136;1
49137;1
49138;1
49139;1
49140;1
49147;1
49148;1
49149;1
49150;1
49151;1
